0 3
1 3
2 3
3 2
4 3
5 3
6 3
7 3
8 3
9 3
10 3
11 3
12 4
13 3
14 3
15 4
16 3
17 3
18 3
19 2
20 4
21 3
22 3
23 4
24 2
25 2
26 3
27 4
28 4
29 3
30 3
31 3
32 3
33 4
34 3
35 3
36 3
37 3
38 3
39 4
40 3
41 4
42 3
43 4
44 6
45 4
46 3
47 4
48 3
49 3
50 3
51 3
52 2
53 2
54 3
55 2
56 5
57 3
58 4
59 3
60 2
61 3
62 3
63 3
64 4
65 3
66 3
67 3
68 3
69 3
70 4
71 4
72 3
73 4
74 3
75 3
76 3
77 3
78 3
79 3
80 3
81 3
82 4
83 3
84 3
85 4
86 4
87 2
88 3
89 4
90 4
91 4
92 4
93 3
94 3
95 2
96 3
97 3
98 2
99 3
100 3
101 2
102 2
103 4
104 3
105 4
106 3
107 3
108 2
109 2
110 2
111 2
112 3
113 3
114 3
115 3
116 3
117 3
118 3
119 3
120 3
121 3
122 3
123 2
124 3
125 3
126 4
127 4
128 3
129 3
130 3
131 3
132 3
133 3
134 3
135 3
136 3
137 4
138 4
139 4
140 3
141 3
142 2
143 4
144 3
145 4
146 3
147 3
148 4
149 3
150 4
151 3
152 4
153 3
154 3
155 3
156 3
157 3
158 3
159 3
160 4
161 4
162 2
163 4
164 3
165 3
166 4
167 3
168 3
169 3
170 2
171 3
172 3
173 3
174 3
175 4
176 4
177 3
178 3
179 3
180 4
181 4
182 4
183 3
184 3
185 2
186 3
187 3
188 3
189 3
190 4
191 4
192 3
193 3
194 4
195 4
196 4
197 3
198 3
199 4
200 3
201 3
202 3
203 4
204 4
205 3
206 2
207 3
208 3
209 3
210 3
211 4
212 2
213 3
214 3
215 3
216 3
217 3
218 3
219 4
220 2
221 3
222 4
223 3
224 3
225 3
226 3
227 3
228 3
229 3
230 3
231 3
232 3
233 3
234 2
235 4
236 3
237 4
238 3
239 3
240 5
241 2
242 3
243 3
244 3
245 4
246 3
247 4
248 2
249 3
250 4
251 3
252 3
253 2
254 3
255 3
256 4
257 3
258 4
259 4
260 3
261 3
262 4
263 3
264 4
265 3
266 3
267 4
268 3
269 4
270 2
271 3
272 3
273 3
274 3
275 2
276 3
277 3
278 3
279 3
280 4
281 3
282 3
283 3
284 2
285 2
286 2
287 3
288 3
289 3
290 3
291 3
292 3
293 3
294 3
295 3
296 3
297 3
298 4
299 3
300 3
301 3
302 3
303 4
304 2
305 4
306 3
307 3
308 4
309 3
310 3
311 3
312 3
313 3
314 3
315 4
316 2
317 3
318 3
319 2
320 3
321 3
322 4
323 5
324 3
325 4
326 4
327 3
328 4
329 4
330 3
331 3
332 3
333 3
334 3
335 3
336 4
337 3
338 2
339 3
340 3
341 3
342 3
343 3
344 2
345 3
346 2
347 3
348 2
349 3
350 3
351 4
352 3
353 3
354 4
355 2
356 4
357 3
358 3
359 3
360 3
361 3
362 2
363 3
364 4
365 3
366 3
367 3
368 4
369 3
370 2
371 3
372 3
373 3
374 4
375 3
376 3
377 4
378 3
379 2
380 3
381 4
382 3
383 3
384 4
385 3
386 3
387 3
388 3
389 3
390 5
391 2
392 3
393 4
394 4
395 4
396 3
397 3
398 3
399 2
400 3
401 3
402 3
403 3
404 6
405 3
406 3
407 4
408 3
409 3
410 4
411 3
412 3
413 3
414 2
415 4
416 4
417 3
418 4
419 3
420 3
421 4
422 2
423 3
424 3
425 3
426 3
427 2
428 3
429 3
430 4
431 2
432 2
433 3
434 5
435 2
436 2
437 3
438 4
439 4
440 3
441 3
442 5
443 3
444 3
445 4
446 3
447 3
448 2
449 3
450 3
451 3
452 2
453 3
454 2
455 3
456 3
457 3
458 3
459 2
460 3
461 2
462 3
463 4
464 3
465 3
466 3
467 3
468 2
469 3
470 4
471 4
472 4
473 4
474 4
475 3
476 3
477 2
478 4
479 2
480 3
481 4
482 3
483 4
484 4
485 3
486 3
487 3
488 3
489 3
490 2
491 3
492 3
493 3
494 3
495 3
496 3
497 4
498 3
499 5
500 4
501 4
502 3
503 4
504 3
505 3
506 4
507 4
508 4
509 3
510 3
511 5
512 3
513 4
514 3
515 3
516 3
517 3
518 4
519 3
520 3
521 3
522 4
523 3
524 3
525 2
526 3
527 3
528 2
529 3
530 3
531 2
532 3
533 3
534 2
535 4
536 4
537 4
538 3
539 4
540 3
541 3
542 3
543 3
544 5
545 4
546 3
547 3
548 5
549 3
550 4
551 3
552 2
553 3
554 3
555 3
556 4
557 3
558 3
559 4
560 3
561 3
562 3
563 3
564 3
565 3
566 3
567 3
568 4
569 2
570 3
571 3
572 3
573 3
574 4
575 3
576 3
577 3
578 3
579 3
580 4
581 3
582 3
583 2
584 4
585 2
586 4
587 4
588 4
589 3
590 3
591 3
592 3
593 4
594 3
595 4
596 3
597 2
598 3
599 4
600 3
601 3
602 3
603 4
604 3
605 4
606 3
607 3
608 3
609 3
610 3
611 3
612 5
613 3
614 3
615 2
616 3
617 4
618 3
619 3
620 3
621 3
622 4
623 3
624 2
625 2
626 4
627 3
628 4
629 3
630 3
631 4
632 3
633 4
634 4
635 4
636 3
637 3
638 3
639 3
640 3
641 4
642 3
643 3
644 3
645 5
646 3
647 3
648 3
649 4
650 3
651 2
652 3
653 3
654 4
655 3
656 3
657 4
658 3
659 3
660 3
661 4
662 3
663 3
664 3
665 2
666 3
667 5
668 4
669 4
670 4
671 2
672 4
673 3
674 3
675 3
676 3
677 5
678 3
679 4
680 3
681 3
682 4
683 4
684 2
685 4
686 3
687 2
688 3
689 3
690 3
691 4
692 3
693 4
694 3
695 3
696 3
697 3
698 4
699 5
700 4
701 2
702 3
703 3
704 2
705 4
706 4
707 3
708 3
709 4
710 3
711 2
712 4
713 4
714 2
715 4
716 3
717 3
718 3
719 3
720 3
721 3
722 5
723 3
724 4
725 3
726 2
727 3
728 3
729 4
730 4
731 3
732 4
733 2
734 3
735 4
736 2
737 3
738 4
739 3
740 2
741 3
742 2
743 3
744 5
745 2
746 3
747 3
748 3
749 3
750 4
751 3
752 3
753 3
754 3
755 3
756 3
757 2
758 3
759 4
760 3
761 3
762 4
763 4
764 4
765 3
766 3
767 4
768 3
769 3
770 3
771 3
772 4
773 3
774 3
775 4
776 3
777 3
778 4
779 3
780 3
781 4
782 3
783 3
784 3
785 2
786 3
787 4
788 4
789 3
790 3
791 3
792 4
793 4
794 3
795 3
796 4
797 3
798 3
799 3
800 3
801 3
802 2
803 3
804 2
805 3
806 3
807 4
808 3
809 4
810 4
811 4
812 4
813 3
814 3
815 3
816 4
817 3
818 3
819 3
820 2
821 4
822 3
823 4
824 3
825 2
826 3
827 2
828 3
829 3
830 3
831 2
832 3
833 3
834 4
835 3
836 3
837 3
838 3
839 3
840 2
841 3
842 3
843 3
844 3
845 3
846 3
847 3
848 3
849 4
850 3
851 4
852 3
853 3
854 3
855 3
856 3
857 3
858 3
859 3
860 3
861 3
862 3
863 4
864 3
865 3
866 3
867 4
868 3
869 3
870 4
871 3
872 3
873 3
874 3
875 3
876 4
877 3
878 3
879 2
880 3
881 3
882 3
883 3
884 3
885 3
886 3
887 3
888 3
889 4
890 3
891 4
892 3
893 3
894 3
895 3
896 4
897 3
898 3
899 3
900 3
901 4
902 3
903 3
904 2
905 3
906 4
907 3
908 3
909 3
910 4
911 2
912 2
913 4
914 2
915 4
916 3
917 3
918 3
919 3
920 3
921 3
922 3
923 2
924 3
925 2
926 4
927 3
928 3
929 3
930 5
931 4
932 2
933 3
934 3
935 3
936 2
937 3
938 3
939 3
940 2
941 3
942 2
943 2
944 3
945 4
946 3
947 4
948 2
949 3
950 3
951 3
952 3
953 3
954 3
955 3
956 3
957 4
958 3
959 3
960 3
961 3
962 2
963 3
964 3
965 4
966 3
967 3
968 2
969 3
970 3
971 3
972 2
973 3
974 3
975 3
976 3
977 3
978 4
979 3
980 3
981 3
982 3
983 3
984 3
985 3
986 3
987 3
988 3
989 2
990 3
991 4
992 3
993 4
994 3
995 3
996 3
997 3
998 3
999 3
1000 3
1001 4
1002 3
1003 3
1004 2
1005 3
1006 2
1007 3
1008 4
1009 3
1010 4
1011 3
1012 3
1013 4
1014 4
1015 3
1016 3
1017 3
1018 4
1019 3
1020 4
1021 3
1022 2
1023 2
1024 4
1025 3
1026 3
1027 4
1028 3
1029 4
1030 3
1031 3
1032 3
1033 3
1034 2
1035 4
1036 3
1037 3
1038 2
1039 4
1040 3
1041 3
1042 4
1043 4
1044 3
1045 3
1046 3
1047 2
1048 5
1049 3
1050 2
1051 3
1052 3
1053 3
1054 3
1055 2
1056 2
1057 4
1058 3
1059 3
1060 2
1061 2
1062 3
1063 3
1064 3
1065 4
1066 4
1067 3
1068 3
1069 5
1070 4
1071 3
1072 3
1073 4
1074 3
1075 4
1076 3
1077 2
1078 4
1079 4
1080 3
1081 6
1082 3
1083 3
1084 3
1085 3
1086 4
1087 4
1088 3
1089 4
1090 3
1091 2
1092 3
1093 4
1094 4
1095 3
1096 3
1097 3
1098 4
1099 3
1100 4
1101 2
1102 3
1103 2
1104 3
1105 2
1106 3
1107 4
1108 3
1109 3
1110 3
1111 4
1112 3
1113 4
1114 3
1115 3
1116 5
1117 3
1118 3
1119 3
1120 3
1121 3
1122 3
1123 3
1124 3
1125 3
1126 4
1127 3
1128 4
1129 3
1130 4
1131 4
1132 5
1133 4
1134 3
1135 3
1136 3
1137 3
1138 3
1139 4
1140 4
1141 2
1142 3
1143 3
1144 3
1145 3
1146 3
1147 3
1148 2
1149 4
1150 4
1151 3
1152 5
1153 4
1154 4
1155 3
1156 3
1157 3
1158 4
1159 3
1160 3
1161 3
1162 4
1163 4
1164 3
1165 3
1166 3
1167 3
1168 3
1169 3
1170 3
1171 3
1172 3
1173 2
1174 4
1175 4
1176 3
1177 3
1178 4
1179 3
1180 3
1181 3
1182 3
1183 3
1184 4
1185 4
1186 3
1187 3
1188 3
1189 3
1190 5
1191 4
1192 3
1193 3
1194 2
1195 3
1196 4
1197 3
1198 3
1199 3
1200 3
1201 2
1202 3
1203 3
1204 2
1205 3
1206 3
1207 3
1208 3
1209 3
1210 3
1211 2
1212 3
1213 4
1214 3
1215 4
1216 4
1217 3
1218 3
1219 3
1220 4
1221 4
1222 3
1223 3
1224 3
1225 3
1226 2
1227 3
1228 3
1229 3
1230 2
1231 3
1232 3
1233 3
1234 4
1235 3
1236 3
1237 3
1238 3
1239 2
1240 3
1241 4
1242 2
1243 4
1244 3
1245 3
1246 3
1247 3
1248 3
1249 4
1250 3
1251 3
1252 3
1253 3
1254 4
1255 4
1256 3
1257 3
1258 3
1259 3
1260 4
1261 2
1262 6
1263 3
1264 3
1265 2
1266 3
1267 4
1268 4
1269 3
1270 3
1271 2
1272 3
1273 3
1274 4
1275 3
1276 3
1277 3
1278 3
1279 3
1280 4
1281 2
1282 5
1283 3
1284 3
1285 3
1286 3
1287 3
1288 4
1289 4
1290 2
1291 4
1292 4
1293 3
1294 3
1295 3
1296 3
1297 3
1298 3
1299 3
1300 3
1301 3
1302 2
1303 3
1304 3
1305 4
1306 3
1307 2
1308 3
1309 4
1310 4
1311 3
1312 4
1313 3
1314 4
1315 4
1316 3
1317 3
1318 3
1319 3
1320 3
1321 3
1322 4
1323 3
1324 3
1325 2
1326 4
1327 4
1328 3
1329 2
1330 3
1331 3
1332 4
1333 3
1334 3
1335 3
1336 2
1337 3
1338 3
1339 2
1340 3
1341 3
1342 4
1343 3
1344 3
1345 3
1346 3
1347 3
1348 3
1349 3
1350 3
1351 2
1352 3
1353 2
1354 4
1355 3
1356 3
1357 3
1358 3
1359 2
1360 3
1361 3
1362 3
1363 3
1364 4
1365 3
1366 3
1367 3
1368 4
1369 3
1370 4
1371 3
1372 3
1373 3
1374 4
1375 3
1376 4
1377 4
1378 3
1379 4
1380 4
1381 3
1382 2
1383 2
1384 4
1385 3
1386 4
1387 3
1388 4
1389 4
1390 3
1391 4
1392 3
1393 2
1394 4
1395 3
1396 5
1397 4
1398 3
1399 3
1400 3
1401 3
1402 3
1403 4
1404 3
1405 3
1406 4
1407 3
1408 4
1409 3
1410 3
1411 2
1412 3
1413 3
1414 2
1415 4
1416 3
1417 3
1418 6
1419 4
1420 3
1421 3
1422 4
1423 3
1424 2
1425 3
1426 2
1427 3
1428 3
1429 3
1430 3
1431 4
1432 4
1433 3
1434 3
1435 3
1436 3
1437 2
1438 4
1439 2
1440 4
1441 2
1442 3
1443 3
1444 3
1445 3
1446 3
1447 6
1448 2
1449 4
1450 3
1451 3
1452 3
1453 5
1454 3
1455 4
1456 3
1457 3
1458 4
1459 3
1460 2
1461 4
1462 3
1463 4
1464 3
1465 3
1466 4
1467 3
1468 3
1469 3
1470 3
1471 3
1472 3
1473 3
1474 3
1475 3
1476 3
1477 3
1478 3
1479 3
1480 4
1481 3
1482 3
1483 3
1484 3
1485 3
1486 3
1487 3
1488 2
1489 3
1490 3
1491 5
1492 3
1493 4
1494 2
1495 3
1496 3
1497 3
1498 3
1499 3
1500 3
1501 4
1502 4
1503 3
1504 3
1505 3
1506 4
1507 3
1508 3
1509 4
1510 3
1511 3
1512 3
1513 3
1514 3
1515 4
1516 3
1517 3
1518 4
1519 3
1520 2
1521 3
1522 3
1523 4
1524 3
1525 4
1526 4
1527 3
1528 4
1529 3
1530 4
1531 3
1532 3
1533 5
1534 4
1535 2
1536 3
1537 4
1538 3
1539 2
1540 3
1541 4
1542 3
1543 2
1544 3
1545 3
1546 3
1547 3
1548 4
1549 3
1550 3
1551 3
1552 3
1553 3
1554 2
1555 3
1556 2
1557 3
1558 3
1559 4
1560 3
1561 3
1562 2
1563 2
1564 3
1565 2
1566 3
1567 3
1568 3
1569 3
1570 3
1571 3
1572 3
1573 3
1574 4
1575 4
1576 3
1577 3
1578 4
1579 3
1580 3
1581 3
1582 3
1583 4
1584 2
1585 3
1586 4
1587 3
1588 4
1589 3
1590 4
1591 3
1592 4
1593 3
1594 4
1595 3
1596 3
1597 2
1598 3
1599 3
1600 3
1601 3
1602 3
1603 3
1604 4
1605 3
1606 2
1607 2
1608 3
1609 3
1610 3
1611 4
1612 3
1613 3
1614 3
1615 4
1616 4
1617 3
1618 3
1619 4
1620 3
1621 4
1622 3
1623 3
1624 3
1625 3
1626 4
1627 3
1628 4
1629 4
1630 3
1631 3
1632 2
1633 3
1634 3
1635 3
1636 4
1637 2
1638 3
1639 3
1640 4
1641 3
1642 3
1643 4
1644 3
1645 4
1646 4
1647 3
1648 3
1649 4
1650 3
1651 4
1652 3
1653 2
1654 5
1655 3
1656 3
1657 3
1658 3
1659 4
1660 3
1661 3
1662 4
1663 3
1664 2
1665 4
1666 4
1667 4
1668 3
1669 4
1670 3
1671 3
1672 3
1673 3
1674 4
1675 3
1676 3
1677 2
1678 3
1679 4
1680 3
1681 3
1682 4
1683 5
1684 4
1685 4
1686 3
1687 3
1688 2
1689 3
1690 4
1691 3
1692 4
1693 3
1694 4
1695 3
1696 3
1697 4
1698 3
1699 3
1700 3
1701 3
1702 3
1703 3
1704 4
1705 5
1706 3
1707 3
1708 2
1709 3
1710 3
1711 3
1712 3
1713 3
1714 4
1715 4
1716 3
1717 3
1718 3
1719 3
1720 2
1721 3
1722 3
1723 3
1724 4
1725 3
1726 3
1727 2
1728 4
1729 3
1730 3
1731 4
1732 4
1733 3
1734 3
1735 3
1736 4
1737 2
1738 4
1739 3
1740 3
1741 4
1742 3
1743 3
1744 3
1745 4
1746 4
1747 2
1748 4
1749 3
1750 3
1751 3
1752 3
1753 4
1754 2
1755 3
1756 4
1757 4
1758 3
1759 3
1760 3
1761 3
1762 3
1763 2
1764 3
1765 4
1766 4
1767 6
1768 3
1769 3
1770 3
1771 3
1772 4
1773 3
1774 3
1775 3
1776 4
1777 3
1778 3
1779 3
1780 3
1781 3
1782 4
1783 3
1784 3
1785 3
1786 4
1787 4
1788 4
1789 3
1790 3
1791 4
1792 3
1793 4
1794 2
1795 3
1796 3
1797 3
1798 2
1799 3
1800 3
1801 3
1802 3
1803 3
1804 4
1805 4
1806 3
1807 3
1808 3
1809 2
1810 2
1811 2
1812 3
1813 3
1814 3
1815 3
1816 3
1817 3
1818 3
1819 3
1820 3
1821 3
1822 3
1823 4
1824 2
1825 3
1826 5
1827 3
1828 4
1829 3
1830 4
1831 3
1832 4
1833 3
1834 4
1835 3
1836 3
1837 3
1838 4
1839 2
1840 3
1841 4
1842 3
1843 2
1844 3
1845 3
1846 3
1847 3
1848 3
1849 3
1850 3
1851 3
1852 2
1853 3
1854 4
1855 3
1856 4
1857 3
1858 2
1859 4
1860 3
1861 3
1862 3
1863 3
1864 3
1865 3
1866 3
1867 3
1868 3
1869 3
1870 3
1871 3
1872 3
1873 3
1874 3
1875 3
1876 3
1877 4
1878 3
1879 3
1880 2
1881 3
1882 4
1883 3
1884 4
1885 3
1886 2
1887 2
1888 4
1889 5
1890 3
1891 2
1892 3
1893 3
1894 3
1895 2
1896 3
1897 3
1898 3
1899 3
1900 4
1901 3
1902 2
1903 4
1904 3
1905 5
1906 4
1907 3
1908 3
1909 5
1910 3
1911 3
1912 4
1913 2
1914 3
1915 2
1916 3
1917 3
1918 4
1919 2
1920 3
1921 2
1922 3
1923 3
1924 3
1925 3
1926 2
1927 3
1928 3
1929 2
1930 3
1931 4
1932 3
1933 4
1934 3
1935 3
1936 2
1937 4
1938 4
1939 2
1940 3
1941 3
1942 3
1943 3
1944 3
1945 3
1946 3
1947 4
1948 3
1949 2
1950 3
1951 4
1952 3
1953 2
1954 3
1955 3
1956 3
1957 3
1958 3
1959 3
1960 3
1961 3
1962 3
1963 3
1964 4
1965 2
1966 4
1967 4
1968 4
1969 4
1970 4
1971 2
1972 3
1973 3
1974 3
1975 2
1976 3
1977 3
1978 3
1979 3
1980 4
1981 4
1982 4
1983 3
1984 2
1985 3
1986 4
1987 4
1988 3
1989 3
1990 3
1991 3
1992 3
1993 2
1994 3
1995 3
1996 4
1997 4
1998 3
1999 2
2000 6
2001 3
2002 4
2003 4
2004 4
2005 4
2006 3
2007 3
2008 3
2009 3
2010 3
2011 2
2012 4
2013 4
2014 4
2015 3
2016 3
2017 3
2018 3
2019 3
2020 3
2021 5
2022 2
2023 2
2024 4
2025 4
2026 3
2027 3
2028 3
2029 3
2030 3
2031 4
2032 3
2033 2
2034 4
2035 3
2036 3
2037 3
2038 3
2039 3
2040 4
2041 3
2042 3
2043 3
2044 3
2045 4
2046 4
2047 3
2048 4
2049 3
2050 3
2051 3
2052 2
2053 3
2054 3
2055 2
2056 3
2057 4
2058 3
2059 4
2060 2
2061 3
2062 3
2063 4
2064 5
2065 4
2066 3
2067 4
2068 4
2069 3
2070 3
2071 3
2072 3
2073 2
2074 2
2075 3
2076 2
2077 3
2078 4
2079 2
2080 3
2081 3
2082 3
2083 2
2084 3
2085 4
2086 2
2087 4
2088 3
2089 4
2090 2
2091 3
2092 2
2093 3
2094 3
2095 2
2096 3
2097 3
2098 2
2099 3
2100 3
2101 4
2102 3
2103 2
2104 3
2105 3
2106 3
2107 4
2108 3
2109 3
2110 3
2111 3
2112 3
2113 4
2114 3
2115 3
2116 4
2117 3
2118 3
2119 3
2120 3
2121 3
2122 2
2123 4
2124 4
2125 4
2126 4
2127 3
2128 2
2129 4
2130 2
2131 3
2132 4
2133 3
2134 3
2135 3
2136 3
2137 2
2138 3
2139 3
2140 4
2141 4
2142 3
2143 4
2144 3
2145 3
2146 3
2147 3
2148 3
2149 3
2150 3
2151 3
2152 4
2153 3
2154 4
2155 4
2156 4
2157 3
2158 3
2159 4
2160 3
2161 3
2162 3
2163 3
2164 3
2165 3
2166 3
2167 2
2168 3
2169 3
2170 4
2171 2
2172 3
2173 3
2174 5
2175 3
2176 4
2177 4
2178 3
2179 3
2180 4
2181 4
2182 3
2183 3
2184 3
2185 5
2186 3
2187 3
2188 2
2189 5
2190 3
2191 3
2192 3
2193 3
2194 3
2195 5
2196 3
2197 3
2198 3
2199 3
2200 4
2201 3
2202 3
2203 3
2204 3
2205 4
2206 2
2207 2
2208 3
2209 3
2210 3
2211 3
2212 2
2213 3
2214 3
2215 4
2216 4
2217 3
2218 3
2219 3
2220 3
2221 3
2222 3
2223 4
2224 4
2225 3
2226 3
2227 3
2228 3
2229 3
2230 3
2231 3
2232 3
2233 3
2234 3
2235 3
2236 3
2237 4
2238 2
2239 4
2240 3
2241 4
2242 4
2243 4
2244 2
2245 2
2246 3
2247 3
2248 3
2249 2
2250 5
2251 3
2252 4
2253 4
2254 3
2255 2
2256 2
2257 3
2258 4
2259 2
2260 4
2261 5
2262 2
2263 3
2264 3
2265 4
2266 4
2267 4
2268 3
2269 3
2270 3
2271 2
2272 3
2273 3
2274 3
2275 4
2276 3
2277 4
2278 3
2279 3
2280 3
2281 3
2282 4
2283 3
2284 4
2285 3
2286 4
2287 2
2288 3
2289 3
2290 2
2291 3
2292 2
2293 2
2294 3
2295 3
2296 3
2297 4
2298 3
2299 2
2300 3
2301 3
2302 3
2303 3
2304 3
2305 3
2306 4
2307 3
2308 3
2309 3
2310 3
2311 4
2312 3
2313 4
2314 3
2315 3
2316 4
2317 3
2318 4
2319 2
2320 3
2321 4
2322 3
2323 3
2324 4
2325 4
2326 5
2327 3
2328 2
2329 3
2330 2
2331 4
2332 3
2333 3
2334 2
2335 3
2336 2
2337 3
2338 3
2339 3
2340 4
2341 3
2342 3
2343 3
2344 3
2345 3
2346 3
2347 3
2348 4
2349 3
2350 3
2351 3
2352 2
2353 3
2354 3
2355 3
2356 3
2357 3
2358 4
2359 3
2360 3
2361 3
2362 3
2363 3
2364 3
2365 3
2366 3
2367 4
2368 3
2369 3
2370 3
2371 3
2372 3
2373 3
2374 4
2375 4
2376 3
2377 3
2378 4
2379 3
2380 4
2381 3
2382 3
2383 3
2384 3
2385 3
2386 3
2387 2
2388 2
2389 4
2390 3
2391 3
2392 3
2393 3
2394 3
2395 4
2396 3
2397 4
2398 4
2399 2
2400 3
2401 3
2402 3
2403 4
2404 2
2405 3
2406 2
2407 3
2408 4
2409 3
2410 3
2411 3
2412 3
2413 2
2414 3
2415 4
2416 3
2417 4
2418 4
2419 2
2420 3
2421 3
2422 4
2423 3
2424 2
2425 3
2426 2
2427 4
2428 3
2429 3
2430 4
2431 2
2432 3
2433 3
2434 4
2435 2
2436 3
2437 3
2438 3
2439 2
2440 4
2441 3
2442 3
2443 3
2444 3
2445 4
2446 4
2447 2
2448 4
2449 3
2450 4
2451 3
2452 3
2453 4
2454 4
2455 3
2456 4
2457 3
2458 3
2459 3
2460 3
2461 3
2462 3
2463 3
2464 3
2465 5
2466 3
2467 3
2468 5
2469 3
2470 3
2471 4
2472 3
2473 3
2474 3
2475 4
2476 3
2477 4
2478 3
2479 5
2480 3
2481 3
2482 3
2483 5
2484 2
2485 3
2486 3
2487 3
2488 4
2489 3
2490 3
2491 3
2492 3
2493 4
2494 3
2495 2
2496 3
2497 3
2498 2
2499 4
2500 3
2501 3
2502 2
2503 2
2504 3
2505 4
2506 4
2507 3
2508 3
2509 2
2510 4
2511 4
2512 3
2513 3
2514 3
2515 3
2516 3
2517 3
2518 3
2519 2
2520 4
2521 3
2522 3
2523 5
2524 3
2525 3
2526 3
2527 4
2528 3
2529 5
2530 3
2531 4
2532 3
2533 2
2534 3
2535 3
2536 2
2537 3
2538 3
2539 4
2540 3
2541 4
2542 3
2543 3
2544 2
2545 3
2546 3
2547 3
2548 3
2549 3
2550 3
2551 2
2552 3
2553 3
2554 4
2555 3
2556 4
2557 4
2558 3
2559 2
2560 3
2561 3
2562 3
2563 2
2564 3
2565 3
2566 4
2567 3
2568 3
2569 4
2570 3
2571 3
2572 3
2573 3
2574 3
2575 3
2576 3
2577 4
2578 3
2579 3
2580 3
2581 3
2582 3
2583 3
2584 3
2585 2
2586 2
2587 4
2588 3
2589 3
2590 4
2591 3
2592 2
2593 3
2594 3
2595 3
2596 3
2597 3
2598 2
2599 4
2600 8
2601 3
2602 3
2603 3
2604 3
2605 4
2606 3
2607 3
2608 2
2609 3
2610 4
2611 3
2612 4
2613 4
2614 3
2615 4
2616 3
2617 3
2618 3
2619 3
2620 3
2621 3
2622 3
2623 4
2624 2
2625 3
2626 2
2627 3
2628 3
2629 4
2630 3
2631 3
2632 3
2633 3
2634 2
2635 3
2636 3
2637 3
2638 3
2639 4
2640 3
2641 4
2642 3
2643 3
2644 3
2645 3
2646 2
2647 2
2648 3
2649 4
2650 3
2651 2
2652 4
2653 3
2654 4
2655 3
2656 3
2657 3
2658 4
2659 3
2660 3
2661 2
2662 4
2663 3
2664 3
2665 2
2666 3
2667 4
2668 3
2669 3
2670 3
2671 3
2672 4
2673 3
2674 3
2675 4
2676 3
2677 3
2678 3
2679 4
2680 3
2681 3
2682 2
2683 3
2684 3
2685 6
2686 3
2687 3
2688 3
2689 3
2690 4
2691 3
2692 3
2693 3
2694 3
2695 2
2696 3
2697 4
2698 3
2699 5
2700 3
2701 3
2702 3
2703 4
2704 2
2705 3
2706 3
2707 4
2708 3
2709 3
2710 3
2711 3
2712 3
2713 2
2714 3
2715 3
2716 4
2717 3
2718 3
2719 3
2720 3
2721 3
2722 4
2723 3
2724 5
2725 2
2726 3
2727 4
2728 3
2729 3
2730 2
2731 4
2732 3
2733 3
2734 3
2735 3
2736 2
2737 3
2738 4
2739 3
2740 4
2741 4
2742 3
2743 3
2744 3
2745 3
2746 3
2747 3
2748 3
2749 3
2750 3
2751 3
2752 3
2753 4
2754 2
2755 3
2756 3
2757 4
2758 3
2759 4
2760 2
2761 2
2762 3
2763 3
2764 3
2765 3
2766 3
2767 3
2768 3
2769 3
2770 3
2771 2
2772 3
2773 3
2774 3
2775 3
2776 2
2777 3
2778 3
2779 3
2780 3
2781 4
2782 3
2783 4
2784 3
2785 2
2786 3
2787 3
2788 3
2789 3
2790 3
2791 3
2792 4
2793 4
2794 2
2795 3
2796 3
2797 2
2798 3
2799 3
2800 3
2801 3
2802 3
2803 3
2804 3
2805 3
2806 2
2807 3
2808 3
2809 3
2810 3
2811 3
2812 3
2813 3
2814 3
2815 3
2816 2
2817 3
2818 3
2819 3
2820 2
2821 3
2822 4
2823 4
2824 3
2825 6
2826 3
2827 4
2828 4
2829 3
2830 3
2831 3
2832 3
2833 3
2834 3
2835 5
2836 3
2837 4
2838 3
2839 3
2840 4
2841 3
2842 3
2843 4
2844 2
2845 4
2846 4
2847 4
2848 3
2849 2
2850 3
2851 4
2852 3
2853 3
2854 2
2855 4
2856 4
2857 2
2858 3
2859 3
2860 3
2861 4
2862 3
2863 3
2864 4
2865 4
2866 3
2867 3
2868 4
2869 3
2870 3
2871 3
2872 3
2873 4
2874 3
2875 3
2876 3
2877 4
2878 3
2879 3
2880 3
2881 3
2882 3
2883 4
2884 3
2885 4
2886 3
2887 3
2888 3
2889 3
2890 4
2891 3
2892 3
2893 3
2894 2
2895 3
2896 3
2897 5
2898 2
2899 3
2900 3
2901 2
2902 3
2903 3
2904 3
2905 3
2906 3
2907 4
2908 3
2909 3
2910 3
2911 4
2912 3
2913 3
2914 3
2915 2
2916 3
2917 3
2918 3
2919 4
2920 4
2921 3
2922 4
2923 3
2924 5
2925 3
2926 3
2927 3
2928 3
2929 3
2930 3
2931 3
2932 3
2933 3
2934 4
2935 5
2936 3
2937 3
2938 4
2939 4
2940 4
2941 4
2942 3
2943 3
2944 3
2945 2
2946 2
2947 3
2948 2
2949 3
2950 5
2951 3
2952 3
2953 2
2954 4
2955 3
2956 3
2957 4
2958 2
2959 3
2960 3
2961 3
2962 3
2963 4
2964 2
2965 3
2966 4
2967 4
2968 2
2969 4
2970 4
2971 3
2972 3
2973 2
2974 3
2975 3
2976 3
2977 2
2978 2
2979 3
2980 4
2981 4
2982 3
2983 3
2984 3
2985 3
2986 3
2987 3
2988 4
2989 2
2990 3
2991 3
2992 3
2993 3
2994 2
2995 4
2996 3
2997 3
2998 4
2999 3
3000 2
3001 3
3002 4
3003 3
3004 4
3005 4
3006 3
3007 3
3008 3
3009 2
3010 3
3011 4
3012 3
3013 3
3014 3
3015 3
3016 3
3017 3
3018 3
3019 3
3020 3
3021 3
3022 3
3023 4
3024 3
3025 3
3026 3
3027 3
3028 3
3029 3
3030 3
3031 3
3032 3
3033 3
3034 3
3035 4
3036 3
3037 3
3038 3
3039 3
3040 3
3041 4
3042 3
3043 3
3044 3
3045 3
3046 4
3047 3
3048 2
3049 2
3050 3
3051 3
3052 2
3053 5
3054 3
3055 3
3056 3
3057 3
3058 2
3059 3
3060 3
3061 3
3062 4
3063 3
3064 3
3065 4
3066 3
3067 3
3068 2
3069 3
3070 3
3071 3
3072 3
3073 3
3074 3
3075 3
3076 3
3077 3
3078 2
3079 3
3080 3
3081 4
3082 3
3083 3
3084 3
3085 4
3086 3
3087 4
3088 3
3089 4
3090 4
3091 4
3092 3
3093 3
3094 4
3095 3
3096 3
3097 4
3098 4
3099 3
3100 3
3101 4
3102 4
3103 3
3104 4
3105 4
3106 4
3107 4
3108 3
3109 3
3110 3
3111 4
3112 3
3113 3
3114 3
3115 3
3116 3
3117 3
3118 4
3119 3
3120 3
3121 4
3122 3
3123 2
3124 3
3125 3
3126 4
3127 3
3128 3
3129 4
3130 5
3131 4
3132 3
3133 4
3134 3
3135 3
3136 3
3137 3
3138 2
3139 2
3140 2
3141 3
3142 3
3143 2
3144 4
3145 5
3146 5
3147 4
3148 3
3149 3
3150 3
3151 3
3152 2
3153 3
3154 3
3155 3
3156 3
3157 3
3158 3
3159 3
3160 2
3161 3
3162 4
3163 2
3164 3
3165 2
3166 4
3167 3
3168 3
3169 3
3170 3
3171 4
3172 3
3173 3
3174 3
3175 3
3176 2
3177 4
3178 3
3179 2
3180 3
3181 3
3182 3
3183 3
3184 2
3185 4
3186 2
3187 2
3188 4
3189 3
3190 4
3191 3
3192 2
3193 3
3194 2
3195 3
3196 3
3197 3
3198 2
3199 3
3200 3
3201 3
3202 3
3203 3
3204 3
3205 3
3206 2
3207 3
3208 2
3209 3
3210 2
3211 3
3212 4
3213 4
3214 3
3215 3
3216 4
3217 3
3218 4
3219 3
3220 3
3221 4
3222 4
3223 3
3224 3
3225 3
3226 3
3227 4
3228 3
3229 2
3230 4
3231 3
3232 3
3233 3
3234 3
3235 4
3236 4
3237 3
3238 2
3239 3
3240 4
3241 4
3242 3
3243 4
3244 4
3245 3
3246 3
3247 4
3248 4
3249 2
3250 3
3251 3
3252 4
3253 4
3254 2
3255 3
3256 3
3257 3
3258 2
3259 3
3260 4
3261 4
3262 3
3263 3
3264 3
3265 4
3266 3
3267 4
3268 2
3269 4
3270 3
3271 3
3272 3
3273 3
3274 3
3275 3
3276 4
3277 3
3278 3
3279 3
3280 3
3281 3
3282 3
3283 3
3284 2
3285 3
3286 3
3287 3
3288 3
3289 3
3290 4
3291 3
3292 3
3293 3
3294 2
3295 4
3296 4
3297 2
3298 4
3299 5
3300 3
3301 4
3302 3
3303 4
3304 2
3305 3
3306 3
3307 3
3308 4
3309 2
3310 2
3311 3
3312 3
3313 3
3314 2
3315 5
3316 3
3317 2
3318 4
3319 4
3320 6
3321 4
3322 3
3323 3
3324 3
3325 4
3326 3
3327 3
3328 3
3329 4
3330 3
3331 2
3332 3
3333 3
3334 4
3335 3
3336 3
3337 3
3338 3
3339 3
3340 3
3341 3
3342 3
3343 5
3344 3
3345 3
3346 3
3347 3
3348 4
3349 3
3350 3
3351 4
3352 3
3353 4
3354 4
3355 3
3356 4
3357 3
3358 3
3359 3
3360 3
3361 3
3362 3
3363 4
3364 2
3365 4
3366 3
3367 3
3368 5
3369 2
3370 3
3371 3
3372 2
3373 3
3374 4
3375 2
3376 6
3377 2
3378 3
3379 4
3380 3
3381 4
3382 4
3383 6
3384 2
3385 4
3386 3
3387 5
3388 3
3389 3
3390 3
3391 3
3392 3
3393 3
3394 3
3395 3
3396 3
3397 4
3398 3
3399 3
3400 3
3401 4
3402 3
3403 4
3404 3
3405 3
3406 2
3407 3
3408 3
3409 3
3410 3
3411 4
3412 2
3413 3
3414 3
3415 3
3416 3
3417 4
3418 3
3419 4
3420 3
3421 3
3422 3
3423 3
3424 4
3425 4
3426 5
3427 2
3428 2
3429 4
3430 3
3431 3
3432 3
3433 4
3434 3
3435 4
3436 3
3437 3
3438 3
3439 3
3440 3
3441 2
3442 2
3443 4
3444 4
3445 2
3446 2
3447 5
3448 4
3449 3
3450 3
3451 4
3452 3
3453 3
3454 3
3455 3
3456 4
3457 3
3458 3
3459 3
3460 4
3461 3
3462 3
3463 2
3464 3
3465 3
3466 3
3467 4
3468 4
3469 4
3470 3
3471 3
3472 4
3473 3
3474 3
3475 3
3476 3
3477 5
3478 3
3479 4
3480 2
3481 4
3482 3
3483 3
3484 3
3485 3
3486 3
3487 3
3488 3
3489 4
3490 3
3491 2
3492 3
3493 3
3494 3
3495 3
3496 3
3497 4
3498 5
3499 2
3500 4
3501 3
3502 4
3503 4
3504 3
3505 3
3506 2
3507 4
3508 2
3509 3
3510 4
3511 3
3512 3
3513 4
3514 3
3515 4
3516 4
3517 3
3518 2
3519 2
3520 3
3521 3
3522 3
3523 3
3524 2
3525 2
3526 3
3527 3
3528 3
3529 3
3530 3
3531 4
3532 3
3533 2
3534 3
3535 3
3536 3
3537 4
3538 3
3539 4
3540 3
3541 3
3542 2
3543 3
3544 4
3545 3
3546 3
3547 3
3548 4
3549 2
3550 3
3551 3
3552 2
3553 3
3554 3
3555 3
3556 3
3557 3
3558 4
3559 3
3560 4
3561 3
3562 3
3563 4
3564 3
3565 3
3566 4
3567 4
3568 4
3569 4
3570 3
3571 3
3572 3
3573 4
3574 3
3575 3
3576 3
3577 3
3578 3
3579 4
3580 4
3581 4
3582 3
3583 3
3584 4
3585 4
3586 4
3587 3
3588 4
3589 4
3590 3
3591 3
3592 3
3593 3
3594 4
3595 3
3596 3
3597 3
3598 4
3599 2
3600 2
3601 3
3602 3
3603 2
3604 2
3605 3
3606 2
3607 4
3608 4
3609 4
3610 3
3611 3
3612 3
3613 3
3614 3
3615 3
3616 3
3617 2
3618 4
3619 3
3620 3
3621 2
3622 3
3623 4
3624 3
3625 4
3626 4
3627 3
3628 4
3629 3
3630 5
3631 3
3632 4
3633 4
3634 4
3635 3
3636 4
3637 3
3638 4
3639 4
3640 3
3641 3
3642 3
3643 2
3644 3
3645 2
3646 3
3647 3
3648 3
3649 3
3650 2
3651 3
3652 4
3653 3
3654 3
3655 3
3656 2
3657 4
3658 6
3659 3
3660 3
3661 3
3662 4
3663 2
3664 3
3665 3
3666 3
3667 3
3668 3
3669 3
3670 3
3671 3
3672 4
3673 3
3674 4
3675 2
3676 4
3677 2
3678 3
3679 2
3680 3
3681 3
3682 3
3683 3
3684 3
3685 3
3686 4
3687 3
3688 3
3689 3
3690 4
3691 3
3692 3
3693 3
3694 4
3695 3
3696 3
3697 2
3698 4
3699 3
3700 4
3701 2
3702 3
3703 3
3704 2
3705 4
3706 3
3707 4
3708 4
3709 3
3710 3
3711 4
3712 3
3713 3
3714 3
3715 4
3716 3
3717 3
3718 2
3719 3
3720 4
3721 3
3722 3
3723 3
3724 3
3725 3
3726 4
3727 3
3728 3
3729 4
3730 4
3731 5
3732 3
3733 4
3734 3
3735 3
3736 4
3737 3
3738 4
3739 2
3740 3
3741 2
3742 3
3743 3
3744 3
3745 3
3746 3
3747 4
3748 3
3749 3
3750 2
3751 3
3752 3
3753 3
3754 3
3755 2
3756 3
3757 3
3758 2
3759 4
3760 2
3761 2
3762 3
3763 4
3764 3
3765 3
3766 3
3767 2
3768 3
3769 3
3770 3
3771 3
3772 3
3773 4
3774 3
3775 4
3776 3
3777 3
3778 4
3779 3
3780 2
3781 3
3782 2
3783 5
3784 3
3785 3
3786 4
3787 3
3788 4
3789 3
3790 4
3791 3
3792 3
3793 3
3794 3
3795 3
3796 3
3797 4
3798 3
3799 4
3800 4
3801 3
3802 3
3803 3
3804 3
3805 3
3806 3
3807 2
3808 2
3809 4
3810 5
3811 3
3812 3
3813 4
3814 5
3815 3
3816 3
3817 4
3818 4
3819 4
3820 4
3821 2
3822 5
3823 3
3824 4
3825 3
3826 3
3827 3
3828 3
3829 3
3830 3
3831 3
3832 2
3833 3
3834 3
3835 3
3836 3
3837 3
3838 3
3839 3
3840 2
3841 4
3842 3
3843 3
3844 4
3845 2
3846 3
3847 3
3848 3
3849 5
3850 3
3851 3
3852 3
3853 2
3854 4
3855 4
3856 3
3857 3
3858 3
3859 4
3860 4
3861 3
3862 4
3863 3
3864 3
3865 3
3866 2
3867 2
3868 3
3869 4
3870 2
3871 3
3872 4
3873 3
3874 2
3875 3
3876 2
3877 3
3878 3
3879 3
3880 3
3881 4
3882 4
3883 3
3884 3
3885 3
3886 3
3887 2
3888 5
3889 4
3890 3
3891 3
3892 3
3893 3
3894 4
3895 4
3896 3
3897 2
3898 3
3899 3
3900 3
3901 3
3902 5
3903 3
3904 4
3905 2
3906 3
3907 2
3908 3
3909 4
3910 3
3911 2
3912 2
3913 4
3914 3
3915 4
3916 2
3917 3
3918 3
3919 4
3920 3
3921 4
3922 4
3923 3
3924 3
3925 4
3926 4
3927 4
3928 3
3929 3
3930 3
3931 4
3932 3
3933 3
3934 3
3935 4
3936 4
3937 3
3938 4
3939 3
3940 3
3941 4
3942 3
3943 3
3944 3
3945 3
3946 3
3947 3
3948 3
3949 3
3950 6
3951 3
3952 3
3953 3
3954 2
3955 4
3956 3
3957 3
3958 3
3959 4
3960 4
3961 3
3962 4
3963 3
3964 3
3965 3
3966 2
3967 3
3968 4
3969 4
3970 5
3971 3
3972 3
3973 3
3974 3
3975 3
3976 3
3977 2
3978 4
3979 3
3980 3
3981 3
3982 4
3983 3
3984 4
3985 2
3986 3
3987 2
3988 3
3989 3
3990 3
3991 3
3992 4
3993 2
3994 3
3995 3
3996 3
3997 4
3998 2
3999 3
4000 4
4001 3
4002 4
4003 3
4004 4
4005 3
4006 3
4007 2
4008 3
4009 3
4010 4
4011 3
4012 3
4013 3
4014 3
4015 3
4016 2
4017 3
4018 3
4019 2
4020 4
4021 3
4022 3
4023 3
4024 4
4025 3
4026 3
4027 3
4028 3
4029 4
4030 4
4031 3
4032 2
4033 4
4034 2
4035 4
4036 2
4037 3
4038 3
4039 2
4040 4
4041 3
4042 3
4043 3
4044 2
4045 3
4046 3
4047 3
4048 3
4049 3
4050 2
4051 3
4052 3
4053 3
4054 3
4055 3
4056 3
4057 3
4058 3
4059 3
4060 3
4061 3
4062 3
4063 4
4064 3
4065 3
4066 2
4067 2
4068 3
4069 4
4070 4
4071 3
4072 3
4073 3
4074 2
4075 3
4076 4
4077 3
4078 3
4079 3
4080 3
4081 4
4082 3
4083 3
4084 4
4085 3
4086 3
4087 3
4088 3
4089 3
4090 3
4091 3
4092 5
4093 3
4094 3
4095 3
4096 3
4097 3
4098 4
4099 3
4100 3
4101 4
4102 3
4103 3
4104 4
4105 3
4106 2
4107 2
4108 2
4109 2
4110 4
4111 3
4112 3
4113 3
4114 3
4115 2
4116 3
4117 3
4118 2
4119 3
4120 4
4121 3
4122 2
4123 3
4124 3
4125 3
4126 3
4127 4
4128 3
4129 3
4130 3
4131 3
4132 2
4133 3
4134 3
4135 4
4136 4
4137 3
4138 4
4139 2
4140 3
4141 3
4142 3
4143 3
4144 3
4145 3
4146 3
4147 5
4148 3
4149 2
4150 5
4151 3
4152 3
4153 3
4154 2
4155 4
4156 3
4157 3
4158 3
4159 4
4160 3
4161 3
4162 3
4163 3
4164 2
4165 4
4166 3
4167 3
4168 3
4169 2
4170 3
4171 3
4172 4
4173 4
4174 4
4175 5
4176 2
4177 4
4178 3
4179 2
4180 3
4181 3
4182 4
4183 4
4184 3
4185 3
4186 2
4187 3
4188 3
4189 3
4190 4
4191 2
4192 2
4193 3
4194 3
4195 3
4196 4
4197 3
4198 4
4199 3
4200 3
4201 3
4202 3
4203 3
4204 3
4205 3
4206 3
4207 3
4208 4
4209 4
4210 4
4211 3
4212 3
4213 3
4214 2
4215 3
4216 3
4217 3
4218 3
4219 4
4220 2
4221 3
4222 3
4223 3
4224 3
4225 3
4226 3
4227 3
4228 4
4229 3
4230 4
4231 4
4232 3
4233 3
4234 4
4235 3
4236 4
4237 3
4238 3
4239 3
4240 4
4241 3
4242 3
4243 3
4244 3
4245 3
4246 4
4247 3
4248 3
4249 5
4250 3
4251 3
4252 4
4253 4
4254 3
4255 3
4256 2
4257 5
4258 2
4259 3
4260 4
4261 3
4262 4
4263 3
4264 3
4265 3
4266 4
4267 4
4268 4
4269 2
4270 3
4271 2
4272 3
4273 4
4274 3
4275 5
4276 2
4277 4
4278 3
4279 3
4280 3
4281 3
4282 4
4283 3
4284 3
4285 3
4286 4
4287 3
4288 6
4289 3
4290 3
4291 4
4292 3
4293 4
4294 3
4295 3
4296 3
4297 2
4298 2
4299 3
4300 3
4301 3
4302 4
4303 4
4304 3
4305 3
4306 4
4307 3
4308 3
4309 4
4310 3
4311 4
4312 4
4313 4
4314 2
4315 3
4316 3
4317 3
4318 4
4319 3
4320 3
4321 4
4322 2
4323 3
4324 3
4325 2
4326 3
4327 4
4328 3
4329 2
4330 4
4331 3
4332 3
4333 4
4334 3
4335 3
4336 3
4337 2
4338 3
4339 2
4340 3
4341 3
4342 3
4343 4
4344 2
4345 3
4346 3
4347 3
4348 3
4349 3
4350 3
4351 4
4352 3
4353 3
4354 3
4355 3
4356 2
4357 3
4358 4
4359 2
4360 4
4361 2
4362 3
4363 3
4364 3
4365 4
4366 2
4367 3
4368 3
4369 4
4370 3
4371 4
4372 4
4373 3
4374 4
4375 2
4376 4
4377 4
4378 4
4379 3
4380 4
4381 3
4382 4
4383 4
4384 4
4385 4
4386 3
4387 3
4388 3
4389 3
4390 2
4391 4
4392 3
4393 4
4394 3
4395 3
4396 5
4397 2
4398 3
4399 4
4400 3
4401 4
4402 4
4403 3
4404 3
4405 4
4406 3
4407 3
4408 3
4409 3
4410 3
4411 3
4412 4
4413 3
4414 4
4415 3
4416 3
4417 4
4418 4
4419 4
4420 3
4421 3
4422 3
4423 4
4424 2
4425 4
4426 4
4427 3
4428 3
4429 3
4430 3
4431 2
4432 3
4433 3
4434 3
4435 4
4436 4
4437 3
4438 3
4439 3
4440 3
4441 3
4442 3
4443 3
4444 3
4445 3
4446 4
4447 2
4448 3
4449 3
4450 3
4451 3
4452 4
4453 3
4454 3
4455 3
4456 3
4457 2
4458 5
4459 3
4460 3
4461 4
4462 4
4463 3
4464 3
4465 2
4466 3
4467 3
4468 3
4469 3
4470 4
4471 3
4472 4
4473 3
4474 4
4475 3
4476 3
4477 3
4478 3
4479 3
4480 4
4481 3
4482 2
4483 4
4484 3
4485 4
4486 4
4487 3
4488 3
4489 3
4490 3
4491 2
4492 4
4493 3
4494 3
4495 3
4496 3
4497 3
4498 3
4499 3
4500 3
4501 4
4502 4
4503 4
4504 3
4505 2
4506 2
4507 3
4508 4
4509 3
4510 4
4511 3
4512 3
4513 3
4514 2
4515 3
4516 6
4517 3
4518 3
4519 3
4520 3
4521 2
4522 3
4523 3
4524 4
4525 2
4526 4
4527 3
4528 2
4529 3
4530 3
4531 3
4532 3
4533 4
4534 4
4535 3
4536 3
4537 3
4538 3
4539 3
4540 2
4541 3
4542 3
4543 4
4544 3
4545 2
4546 3
4547 4
4548 3
4549 3
4550 3
4551 3
4552 2
4553 3
4554 3
4555 2
4556 3
4557 6
4558 3
4559 3
4560 3
4561 2
4562 3
4563 3
4564 3
4565 3
4566 4
4567 4
4568 3
4569 3
4570 4
4571 3
4572 3
4573 4
4574 3
4575 3
4576 4
4577 3
4578 2
4579 3
4580 3
4581 3
4582 3
4583 3
4584 6
4585 4
4586 3
4587 3
4588 3
4589 4
4590 3
4591 3
4592 3
4593 3
4594 4
4595 3
4596 4
4597 3
4598 3
4599 3
4600 3
4601 3
4602 4
4603 4
4604 3
4605 3
4606 3
4607 3
4608 3
4609 3
4610 3
4611 3
4612 3
4613 3
4614 3
4615 4
4616 3
4617 4
4618 3
4619 3
4620 3
4621 3
4622 3
4623 3
4624 3
4625 3
4626 4
4627 3
4628 3
4629 4
4630 3
4631 3
4632 3
4633 3
4634 3
4635 3
4636 3
4637 3
4638 3
4639 3
4640 3
4641 3
4642 5
4643 3
4644 4
4645 3
4646 3
4647 3
4648 3
4649 4
4650 3
4651 4
4652 4
4653 3
4654 3
4655 3
4656 4
4657 3
4658 4
4659 3
4660 3
4661 4
4662 3
4663 2
4664 3
4665 3
4666 3
4667 3
4668 3
4669 3
4670 5
4671 3
4672 3
4673 4
4674 2
4675 3
4676 3
4677 3
4678 4
4679 6
4680 4
4681 3
4682 2
4683 3
4684 4
4685 3
4686 3
4687 4
4688 3
4689 2
4690 3
4691 3
4692 3
4693 3
4694 3
4695 4
4696 3
4697 3
4698 3
4699 3
4700 3
4701 2
4702 2
4703 3
4704 4
4705 4
4706 3
4707 4
4708 5
4709 3
4710 3
4711 3
4712 4
4713 3
4714 2
4715 3
4716 4
4717 4
4718 4
4719 3
4720 2
4721 4
4722 3
4723 3
4724 3
4725 3
4726 3
4727 3
4728 4
4729 3
4730 4
4731 4
4732 3
4733 3
4734 4
4735 4
4736 3
4737 3
4738 2
4739 3
4740 3
4741 3
4742 3
4743 3
4744 3
4745 2
4746 2
4747 3
4748 3
4749 2
4750 2
4751 3
4752 4
4753 3
4754 3
4755 3
4756 4
4757 3
4758 3
4759 2
4760 3
4761 3
4762 3
4763 3
4764 3
4765 4
4766 3
4767 4
4768 3
4769 2
4770 4
4771 3
4772 3
4773 4
4774 3
4775 3
4776 3
4777 2
4778 3
4779 3
4780 3
4781 3
4782 3
4783 3
4784 3
4785 2
4786 3
4787 4
4788 4
4789 3
4790 2
4791 4
4792 4
4793 2
4794 3
4795 4
4796 3
4797 3
4798 3
4799 3
4800 4
4801 3
4802 3
4803 3
4804 3
4805 3
4806 3
4807 2
4808 4
4809 3
4810 3
4811 3
4812 4
4813 4
4814 3
4815 3
4816 3
4817 4
4818 4
4819 3
4820 2
4821 3
4822 4
4823 3
4824 4
4825 3
4826 3
4827 2
4828 4
4829 3
4830 4
4831 3
4832 3
4833 3
4834 3
4835 3
4836 2
4837 4
4838 3
4839 3
4840 2
4841 2
4842 3
4843 3
4844 3
4845 3
4846 3
4847 3
4848 3
4849 3
4850 3
4851 5
4852 2
4853 4
4854 3
4855 2
4856 4
4857 2
4858 3
4859 3
4860 3
4861 3
4862 3
4863 3
4864 4
4865 3
4866 3
4867 3
4868 3
4869 3
4870 3
4871 3
4872 2
4873 2
4874 2
4875 4
4876 4
4877 3
4878 4
4879 3
4880 4
4881 5
4882 2
4883 4
4884 3
4885 3
4886 3
4887 2
4888 3
4889 2
4890 4
4891 4
4892 4
4893 3
4894 3
4895 3
4896 3
4897 2
4898 3
4899 3
4900 4
4901 3
4902 2
4903 4
4904 4
4905 3
4906 3
4907 3
4908 3
4909 2
4910 5
4911 3
4912 3
4913 3
4914 3
4915 3
4916 3
4917 3
4918 4
4919 3
4920 4
4921 4
4922 2
4923 4
4924 3
4925 3
4926 3
4927 2
4928 2
4929 3
4930 3
4931 3
4932 3
4933 3
4934 3
4935 2
4936 4
4937 4
4938 3
4939 4
4940 3
4941 3
4942 3
4943 3
4944 4
4945 3
4946 3
4947 3
4948 2
4949 3
4950 3
4951 4
4952 3
4953 3
4954 3
4955 4
4956 5
4957 2
4958 3
4959 3
4960 4
4961 3
4962 3
4963 3
4964 3
4965 3
4966 3
4967 3
4968 3
4969 3
4970 3
4971 3
4972 3
4973 2
4974 3
4975 2
4976 3
4977 4
4978 3
4979 2
4980 4
4981 2
4982 3
4983 3
4984 3
4985 3
4986 3
4987 3
4988 3
4989 3
4990 4
4991 3
4992 4
4993 4
4994 3
4995 3
4996 3
4997 3
4998 3
4999 3
5000 3
5001 4
5002 3
5003 2
5004 3
5005 3
5006 3
5007 3
5008 4
5009 3
5010 2
5011 3
5012 3
5013 4
5014 3
5015 3
5016 3
5017 3
5018 3
5019 3
5020 3
5021 3
5022 3
5023 3
5024 3
5025 3
5026 3
5027 4
5028 5
5029 4
5030 3
5031 2
5032 3
5033 3
5034 3
5035 4
5036 3
5037 3
5038 3
5039 3
5040 3
5041 3
5042 3
5043 4
5044 3
5045 4
5046 3
5047 3
5048 3
5049 3
5050 4
5051 2
5052 3
5053 5
5054 3
5055 3
5056 2
5057 4
5058 3
5059 3
5060 4
5061 3
5062 3
5063 3
5064 2
5065 3
5066 3
5067 4
5068 3
5069 3
5070 2
5071 4
5072 4
5073 5
5074 3
5075 6
5076 4
5077 4
5078 3
5079 3
5080 3
5081 2
5082 4
5083 4
5084 3
5085 3
5086 3
5087 3
5088 2
5089 2
5090 3
5091 3
5092 3
5093 3
5094 3
5095 4
5096 3
5097 3
5098 2
5099 3
5100 3
5101 3
5102 3
5103 4
5104 2
5105 3
5106 4
5107 3
5108 4
5109 4
5110 3
5111 4
5112 3
5113 2
5114 3
5115 3
5116 4
5117 3
5118 3
5119 3
5120 2
5121 2
5122 3
5123 3
5124 3
5125 4
5126 4
5127 3
5128 3
5129 2
5130 3
5131 2
5132 3
5133 3
5134 3
5135 3
5136 3
5137 2
5138 3
5139 3
5140 3
5141 3
5142 3
5143 4
5144 3
5145 3
5146 3
5147 2
5148 3
5149 3
5150 3
5151 4
5152 2
5153 4
5154 3
5155 3
5156 3
5157 4
5158 2
5159 3
5160 3
5161 3
5162 2
5163 3
5164 2
5165 3
5166 3
5167 3
5168 4
5169 3
5170 2
5171 3
5172 4
5173 2
5174 2
5175 4
5176 3
5177 3
5178 3
5179 3
5180 4
5181 2
5182 3
5183 4
5184 3
5185 3
5186 3
5187 4
5188 2
5189 3
5190 3
5191 3
5192 3
5193 4
5194 2
5195 2
5196 3
5197 7
5198 3
5199 4
5200 3
5201 4
5202 2
5203 3
5204 4
5205 3
5206 5
5207 3
5208 3
5209 4
5210 3
5211 4
5212 3
5213 3
5214 2
5215 4
5216 3
5217 3
5218 3
5219 4
5220 3
5221 3
5222 3
5223 2
5224 3
5225 3
5226 3
5227 4
5228 4
5229 3
5230 3
5231 3
5232 4
5233 3
5234 2
5235 4
5236 3
5237 3
5238 3
5239 3
5240 4
5241 2
5242 3
5243 3
5244 3
5245 3
5246 4
5247 3
5248 3
5249 4
5250 3
5251 3
5252 3
5253 4
5254 3
5255 3
5256 3
5257 2
5258 3
5259 2
5260 3
5261 2
5262 2
5263 4
5264 3
5265 4
5266 3
5267 3
5268 2
5269 4
5270 3
5271 3
5272 2
5273 3
5274 2
5275 3
5276 5
5277 3
5278 3
5279 3
5280 4
5281 4
5282 4
5283 4
5284 3
5285 3
5286 4
5287 4
5288 4
5289 4
5290 3
5291 3
5292 2
5293 3
5294 5
5295 3
5296 3
5297 2
5298 3
5299 3
5300 3
5301 3
5302 4
5303 3
5304 3
5305 3
5306 3
5307 4
5308 2
5309 2
5310 3
5311 4
5312 4
5313 3
5314 2
5315 3
5316 3
5317 3
5318 2
5319 4
5320 3
5321 4
5322 3
5323 3
5324 3
5325 3
5326 3
5327 4
5328 4
5329 4
5330 4
5331 3
5332 3
5333 3
5334 3
5335 3
5336 3
5337 2
5338 3
5339 3
5340 3
5341 3
5342 3
5343 3
5344 3
5345 7
5346 2
5347 4
5348 3
5349 3
5350 2
5351 3
5352 3
5353 3
5354 3
5355 4
5356 3
5357 3
5358 4
5359 4
5360 3
5361 3
5362 3
5363 4
5364 2
5365 3
5366 3
5367 3
5368 4
5369 3
5370 4
5371 4
5372 3
5373 4
5374 2
5375 3
5376 3
5377 2
5378 3
5379 3
5380 3
5381 3
5382 3
5383 3
5384 3
5385 3
5386 2
5387 4
5388 4
5389 3
5390 3
5391 3
5392 3
5393 4
5394 4
5395 3
5396 2
5397 3
5398 3
5399 4
5400 3
5401 4
5402 4
5403 3
5404 2
5405 3
5406 3
5407 2
5408 3
5409 3
5410 3
5411 3
5412 2
5413 3
5414 2
5415 3
5416 3
5417 3
5418 3
5419 4
5420 4
5421 4
5422 3
5423 3
5424 3
5425 3
5426 3
5427 4
5428 3
5429 3
5430 2
5431 4
5432 3
5433 3
5434 3
5435 3
5436 2
5437 3
5438 4
5439 3
5440 3
5441 4
5442 2
5443 4
5444 3
5445 3
5446 3
5447 3
5448 3
5449 3
5450 4
5451 2
5452 2
5453 3
5454 3
5455 3
5456 3
5457 3
5458 3
5459 3
5460 4
5461 3
5462 2
5463 3
5464 4
5465 4
5466 3
5467 7
5468 3
5469 3
5470 4
5471 3
5472 2
5473 3
5474 3
5475 4
5476 4
5477 4
5478 3
5479 3
5480 4
5481 3
5482 3
5483 2
5484 3
5485 3
5486 4
5487 3
5488 3
5489 4
5490 3
5491 4
5492 3
5493 3
5494 3
5495 4
5496 3
5497 3
5498 3
5499 3
5500 3
5501 4
5502 3
5503 4
5504 3
5505 4
5506 3
5507 3
5508 4
5509 3
5510 3
5511 4
5512 4
5513 3
5514 4
5515 4
5516 4
5517 4
5518 4
5519 4
5520 3
5521 3
5522 4
5523 4
5524 2
5525 3
5526 2
5527 4
5528 3
5529 4
5530 3
5531 3
5532 3
5533 3
5534 3
5535 4
5536 3
5537 3
5538 3
5539 3
5540 3
5541 3
5542 3
5543 4
5544 4
5545 3
5546 5
5547 3
5548 4
5549 3
5550 4
5551 3
5552 4
5553 3
5554 3
5555 3
5556 3
5557 2
5558 3
5559 3
5560 3
5561 3
5562 4
5563 3
5564 3
5565 3
5566 3
5567 3
5568 3
5569 3
5570 3
5571 3
5572 3
5573 3
5574 3
5575 4
5576 2
5577 3
5578 3
5579 3
5580 4
5581 3
5582 3
5583 4
5584 3
5585 3
5586 3
5587 3
5588 3
5589 3
5590 5
5591 4
5592 4
5593 3
5594 4
5595 3
5596 3
5597 3
5598 3
5599 3
5600 3
5601 3
5602 2
5603 3
5604 4
5605 4
5606 3
5607 2
5608 3
5609 3
5610 3
5611 4
5612 3
5613 3
5614 4
5615 3
5616 3
5617 4
5618 3
5619 2
5620 4
5621 3
5622 3
5623 2
5624 3
5625 2
5626 3
5627 3
5628 3
5629 3
5630 3
5631 3
5632 4
5633 3
5634 3
5635 3
5636 3
5637 3
5638 5
5639 5
5640 2
5641 4
5642 3
5643 3
5644 3
5645 4
5646 4
5647 3
5648 3
5649 3
5650 3
5651 3
5652 5
5653 4
5654 3
5655 2
5656 3
5657 3
5658 3
5659 3
5660 4
5661 3
5662 2
5663 3
5664 3
5665 3
5666 3
5667 3
5668 3
5669 3
5670 4
5671 3
5672 3
5673 3
5674 3
5675 3
5676 2
5677 2
5678 4
5679 3
5680 3
5681 4
5682 3
5683 4
5684 3
5685 3
5686 3
5687 2
5688 3
5689 2
5690 3
5691 4
5692 4
5693 3
5694 2
5695 3
5696 3
5697 4
5698 3
5699 4
5700 2
5701 3
5702 3
5703 3
5704 3
5705 4
5706 3
5707 4
5708 3
5709 3
5710 3
5711 3
5712 3
5713 3
5714 4
5715 4
5716 3
5717 4
5718 3
5719 4
5720 2
5721 3
5722 3
5723 3
5724 4
5725 3
5726 3
5727 2
5728 3
5729 3
5730 3
5731 3
5732 3
5733 3
5734 3
5735 3
5736 3
5737 3
5738 3
5739 3
5740 3
5741 3
5742 4
5743 3
5744 3
5745 3
5746 3
5747 3
5748 3
5749 2
5750 3
5751 4
5752 3
5753 3
5754 4
5755 3
5756 3
5757 3
5758 4
5759 4
5760 3
5761 3
5762 2
5763 3
5764 3
5765 3
5766 3
5767 2
5768 3
5769 3
5770 3
5771 4
5772 4
5773 3
5774 4
5775 3
5776 3
5777 3
5778 4
5779 4
5780 3
5781 3
5782 3
5783 3
5784 3
5785 3
5786 2
5787 3
5788 3
5789 4
5790 3
5791 3
5792 3
5793 3
5794 3
5795 4
5796 3
5797 3
5798 3
5799 3
5800 3
5801 4
5802 3
5803 3
5804 3
5805 3
5806 3
5807 4
5808 3
5809 3
5810 4
5811 3
5812 4
5813 2
5814 3
5815 3
5816 3
5817 3
5818 3
5819 4
5820 2
5821 3
5822 4
5823 3
5824 4
5825 3
5826 4
5827 2
5828 3
5829 4
5830 3
5831 3
5832 3
5833 3
5834 2
5835 3
5836 3
5837 3
5838 3
5839 4
5840 3
5841 3
5842 2
5843 3
5844 3
5845 3
5846 3
5847 4
5848 3
5849 3
5850 3
5851 3
5852 3
5853 3
5854 3
5855 3
5856 3
5857 3
5858 3
5859 3
5860 2
5861 3
5862 3
5863 3
5864 2
5865 2
5866 3
5867 3
5868 3
5869 3
5870 3
5871 3
5872 4
5873 4
5874 3
5875 3
5876 4
5877 3
5878 5
5879 2
5880 4
5881 3
5882 4
5883 3
5884 3
5885 4
5886 3
5887 5
5888 3
5889 4
5890 4
5891 3
5892 3
5893 4
5894 3
5895 4
5896 3
5897 4
5898 3
5899 2
5900 3
5901 4
5902 2
5903 4
5904 3
5905 3
5906 4
5907 3
5908 4
5909 2
5910 4
5911 3
5912 4
5913 2
5914 3
5915 4
5916 3
5917 3
5918 4
5919 4
5920 5
5921 3
5922 2
5923 3
5924 3
5925 3
5926 4
5927 4
5928 3
5929 4
5930 3
5931 4
5932 3
5933 3
5934 3
5935 3
5936 2
5937 3
5938 3
5939 4
5940 4
5941 4
5942 3
5943 3
5944 3
5945 3
5946 3
5947 4
5948 3
5949 4
5950 4
5951 5
5952 3
5953 4
5954 3
5955 3
5956 2
5957 3
5958 3
5959 4
5960 3
5961 3
5962 3
5963 3
5964 3
5965 3
5966 3
5967 3
5968 3
5969 3
5970 2
5971 4
5972 3
5973 3
5974 3
5975 3
5976 3
5977 3
5978 3
5979 4
5980 2
5981 4
5982 3
5983 3
5984 3
5985 4
5986 3
5987 3
5988 3
5989 3
5990 3
5991 2
5992 3
5993 2
5994 3
5995 2
5996 3
5997 3
5998 3
5999 3
6000 2
6001 4
6002 3
6003 3
6004 3
6005 3
6006 3
6007 3
6008 3
6009 4
6010 3
6011 3
6012 4
6013 3
6014 3
6015 3
6016 3
6017 2
6018 3
6019 3
6020 4
6021 3
6022 3
6023 2
6024 3
6025 2
6026 3
6027 2
6028 3
6029 2
6030 3
6031 3
6032 3
6033 3
6034 3
6035 4
6036 2
6037 4
6038 3
6039 3
6040 4
6041 3
6042 2
6043 3
6044 3
6045 4
6046 3
6047 3
6048 4
6049 4
6050 3
6051 4
6052 3
6053 3
6054 3
6055 3
6056 3
6057 3
6058 4
6059 4
6060 3
6061 3
6062 4
6063 4
6064 3
6065 3
6066 3
6067 3
6068 3
6069 4
6070 3
6071 3
6072 3
6073 3
6074 3
6075 4
6076 3
6077 4
6078 3
6079 3
6080 4
6081 2
6082 2
6083 3
6084 3
6085 6
6086 4
6087 3
6088 4
6089 2
6090 2
6091 3
6092 3
6093 4
6094 3
6095 3
6096 3
6097 4
6098 3
6099 2
6100 3
6101 2
6102 3
6103 4
6104 4
6105 4
6106 3
6107 4
6108 3
6109 3
6110 3
6111 4
6112 3
6113 2
6114 4
6115 2
6116 3
6117 3
6118 4
6119 4
6120 3
6121 4
6122 3
6123 2
6124 3
6125 3
6126 3
6127 3
6128 3
6129 4
6130 3
6131 3
6132 4
6133 2
6134 3
6135 3
6136 3
6137 2
6138 3
6139 3
6140 2
6141 2
6142 3
6143 3
6144 2
6145 3
6146 4
6147 3
6148 4
6149 3
6150 3
6151 3
6152 4
6153 3
6154 3
6155 3
6156 3
6157 3
6158 3
6159 4
6160 2
6161 3
6162 3
6163 3
6164 3
6165 3
6166 3
6167 3
6168 4
6169 3
6170 4
6171 3
6172 3
6173 3
6174 2
6175 3
6176 3
6177 2
6178 3
6179 3
6180 3
6181 2
6182 3
6183 4
6184 3
6185 2
6186 3
6187 5
6188 3
6189 3
6190 3
6191 3
6192 4
6193 3
6194 3
6195 3
6196 4
6197 3
6198 2
6199 3
6200 3
6201 2
6202 3
6203 3
6204 4
6205 2
6206 3
6207 3
6208 3
6209 3
6210 3
6211 3
6212 3
6213 2
6214 4
6215 3
6216 4
6217 3
6218 3
6219 4
6220 2
6221 3
6222 3
6223 3
6224 3
6225 3
6226 3
6227 3
6228 4
6229 2
6230 3
6231 2
6232 3
6233 2
6234 3
6235 3
6236 3
6237 3
6238 3
6239 2
6240 4
6241 3
6242 4
6243 3
6244 3
6245 3
6246 3
6247 3
6248 3
6249 3
6250 3
6251 3
6252 3
6253 2
6254 3
6255 4
6256 4
6257 4
6258 2
6259 3
6260 2
6261 2
6262 3
6263 3
6264 3
6265 4
6266 3
6267 3
6268 3
6269 3
6270 4
6271 4
6272 4
6273 3
6274 4
6275 3
6276 2
6277 3
6278 3
6279 3
6280 3
6281 4
6282 3
6283 4
6284 3
6285 3
6286 3
6287 3
6288 3
6289 2
6290 3
6291 4
6292 3
6293 3
6294 3
6295 3
6296 3
6297 3
6298 2
6299 4
6300 4
6301 3
6302 4
6303 2
6304 3
6305 3
6306 3
6307 3
6308 3
6309 3
6310 3
6311 3
6312 3
6313 3
6314 3
6315 3
6316 3
6317 2
6318 3
6319 3
6320 3
6321 3
6322 3
6323 3
6324 3
6325 3
6326 3
6327 3
6328 4
6329 3
6330 3
6331 3
6332 3
6333 4
6334 3
6335 3
6336 3
6337 3
6338 4
6339 3
6340 3
6341 3
6342 3
6343 3
6344 3
6345 3
6346 3
6347 4
6348 3
6349 3
6350 4
6351 3
6352 4
6353 4
6354 3
6355 3
6356 3
6357 3
6358 3
6359 4
6360 2
6361 5
6362 3
6363 3
6364 3
6365 3
6366 4
6367 2
6368 3
6369 3
6370 3
6371 3
6372 2
6373 3
6374 3
6375 3
6376 3
6377 4
6378 2
6379 4
6380 3
6381 2
6382 3
6383 6
6384 4
6385 4
6386 3
6387 3
6388 3
6389 3
6390 4
6391 3
6392 3
6393 3
6394 3
6395 3
6396 3
6397 3
6398 3
6399 2
6400 4
6401 3
6402 3
6403 4
6404 3
6405 3
6406 3
6407 3
6408 3
6409 3
6410 4
6411 3
6412 4
6413 3
6414 4
6415 3
6416 4
6417 3
6418 4
6419 3
6420 3
6421 4
6422 3
6423 3
6424 3
6425 3
6426 4
6427 3
6428 4
6429 4
6430 3
6431 3
6432 3
6433 4
6434 3
6435 4
6436 4
6437 3
6438 3
6439 3
6440 3
6441 4
6442 4
6443 3
6444 3
6445 3
6446 4
6447 3
6448 3
6449 3
6450 4
6451 4
6452 3
6453 2
6454 3
6455 3
6456 3
6457 3
6458 2
6459 3
6460 3
6461 4
6462 4
6463 4
6464 4
6465 3
6466 2
6467 4
6468 3
6469 3
6470 3
6471 3
6472 3
6473 2
6474 3
6475 3
6476 4
6477 4
6478 4
6479 2
6480 3
6481 3
6482 3
6483 3
6484 4
6485 3
6486 4
6487 3
6488 3
6489 4
6490 2
6491 2
6492 3
6493 4
6494 3
6495 2
6496 2
6497 3
6498 3
6499 2
6500 3
6501 3
6502 3
6503 2
6504 5
6505 3
6506 2
6507 4
6508 4
6509 2
6510 4
6511 2
6512 3
6513 3
6514 3
6515 4
6516 4
6517 2
6518 3
6519 3
6520 3
6521 3
6522 3
6523 4
6524 2
6525 3
6526 3
6527 3
6528 3
6529 4
6530 2
6531 4
6532 3
6533 3
6534 3
6535 2
6536 2
6537 3
6538 4
6539 2
6540 4
6541 4
6542 3
6543 3
6544 2
6545 3
6546 4
6547 4
6548 3
6549 3
6550 3
6551 3
6552 3
6553 3
6554 5
6555 2
6556 3
6557 3
6558 3
6559 4
6560 4
6561 3
6562 3
6563 4
6564 3
6565 3
6566 3
6567 3
6568 3
6569 4
6570 4
6571 3
6572 3
6573 3
6574 4
6575 4
6576 3
6577 3
6578 3
6579 4
6580 3
6581 3
6582 3
6583 3
6584 3
6585 3
6586 4
6587 3
6588 3
6589 3
6590 3
6591 4
6592 3
6593 2
6594 4
6595 3
6596 4
6597 3
6598 4
6599 4
6600 3
6601 2
6602 3
6603 3
6604 3
6605 2
6606 4
6607 3
6608 3
6609 4
6610 4
6611 2
6612 4
6613 3
6614 3
6615 4
6616 3
6617 2
6618 3
6619 3
6620 3
6621 3
6622 4
6623 5
6624 3
6625 4
6626 3
6627 3
6628 4
6629 3
6630 3
6631 4
6632 3
6633 3
6634 3
6635 3
6636 3
6637 2
6638 3
6639 4
6640 6
6641 4
6642 3
6643 3
6644 3
6645 3
6646 3
6647 4
6648 4
6649 3
6650 3
6651 3
6652 4
6653 6
6654 3
6655 3
6656 4
6657 3
6658 4
6659 3
6660 3
6661 3
6662 3
6663 3
6664 3
6665 4
6666 4
6667 4
6668 3
6669 3
6670 3
6671 4
6672 2
6673 4
6674 3
6675 3
6676 4
6677 3
6678 3
6679 3
6680 3
6681 3
6682 3
6683 5
6684 3
6685 5
6686 3
6687 2
6688 3
6689 3
6690 2
6691 3
6692 3
6693 3
6694 3
6695 3
6696 3
6697 3
6698 3
6699 3
6700 3
6701 4
6702 3
6703 4
6704 3
6705 3
6706 3
6707 4
6708 3
6709 3
6710 2
6711 3
6712 3
6713 3
6714 3
6715 3
6716 3
6717 3
6718 3
6719 2
6720 3
6721 3
6722 3
6723 3
6724 3
6725 3
6726 4
6727 3
6728 3
6729 3
6730 3
6731 3
6732 3
6733 4
6734 3
6735 3
6736 3
6737 3
6738 4
6739 4
6740 3
6741 3
6742 3
6743 2
6744 3
6745 3
6746 3
6747 3
6748 4
6749 3
6750 4
6751 4
6752 3
6753 3
6754 3
6755 4
6756 4
6757 3
6758 4
6759 3
6760 2
6761 3
6762 3
6763 2
6764 3
6765 3
6766 3
6767 2
6768 3
6769 4
6770 4
6771 3
6772 2
6773 3
6774 3
6775 3
6776 3
6777 3
6778 3
6779 3
6780 3
6781 3
6782 4
6783 4
6784 3
6785 3
6786 4
6787 3
6788 3
6789 3
6790 3
6791 3
6792 3
6793 4
6794 3
6795 3
6796 3
6797 3
6798 3
6799 4
6800 3
6801 3
6802 4
6803 3
6804 3
6805 3
6806 2
6807 4
6808 3
6809 3
6810 4
6811 2
6812 3
6813 3
6814 3
6815 3
6816 3
6817 3
6818 3
6819 3
6820 2
6821 3
6822 3
6823 3
6824 3
6825 3
6826 2
6827 2
6828 4
6829 4
6830 4
6831 3
6832 3
6833 3
6834 3
6835 2
6836 4
6837 3
6838 3
6839 3
6840 2
6841 3
6842 4
6843 3
6844 3
6845 3
6846 3
6847 3
6848 4
6849 4
6850 4
6851 3
6852 3
6853 4
6854 3
6855 2
6856 3
6857 4
6858 3
6859 3
6860 4
6861 3
6862 2
6863 3
6864 3
6865 3
6866 4
6867 3
6868 4
6869 3
6870 4
6871 3
6872 4
6873 4
6874 3
6875 3
6876 2
6877 5
6878 4
6879 3
6880 3
6881 4
6882 4
6883 4
6884 3
6885 3
6886 3
6887 4
6888 3
6889 3
6890 3
6891 3
6892 3
6893 4
6894 3
6895 4
6896 3
6897 2
6898 3
6899 3
6900 3
6901 3
6902 3
6903 3
6904 2
6905 3
6906 3
6907 4
6908 4
6909 3
6910 3
6911 3
6912 4
6913 3
6914 4
6915 4
6916 2
6917 3
6918 2
6919 3
6920 3
6921 3
6922 2
6923 4
6924 5
6925 3
6926 3
6927 3
6928 3
6929 3
6930 4
6931 4
6932 3
6933 3
6934 4
6935 3
6936 3
6937 4
6938 4
6939 3
6940 2
6941 3
6942 3
6943 3
6944 3
6945 3
6946 3
6947 4
6948 3
6949 2
6950 3
6951 4
6952 3
6953 4
6954 4
6955 3
6956 3
6957 4
6958 4
6959 4
6960 4
6961 3
6962 4
6963 3
6964 3
6965 3
6966 2
6967 4
6968 4
6969 3
6970 3
6971 3
6972 3
6973 3
6974 3
6975 4
6976 3
6977 3
6978 4
6979 3
6980 3
6981 3
6982 3
6983 3
6984 3
6985 3
6986 3
6987 3
6988 4
6989 4
6990 3
6991 3
6992 3
6993 3
6994 3
6995 3
6996 2
6997 4
6998 3
6999 4
7000 3
7001 3
7002 3
7003 3
7004 3
7005 3
7006 4
7007 4
7008 3
7009 3
7010 3
7011 3
7012 4
7013 3
7014 3
7015 3
7016 3
7017 3
7018 3
7019 3
7020 3
7021 2
7022 3
7023 3
7024 3
7025 4
7026 4
7027 3
7028 4
7029 4
7030 4
7031 4
7032 4
7033 3
7034 3
7035 4
7036 2
7037 3
7038 2
7039 3
7040 3
7041 3
7042 3
7043 3
7044 3
7045 4
7046 3
7047 4
7048 3
7049 4
7050 3
7051 3
7052 2
7053 3
7054 4
7055 4
7056 3
7057 3
7058 3
7059 3
7060 4
7061 3
7062 3
7063 4
7064 3
7065 3
7066 3
7067 4
7068 2
7069 3
7070 3
7071 2
7072 4
7073 3
7074 4
7075 3
7076 3
7077 3
7078 3
7079 3
7080 3
7081 4
7082 5
7083 3
7084 4
7085 3
7086 4
7087 4
7088 3
7089 3
7090 4
7091 4
7092 3
7093 3
7094 3
7095 4
7096 4
7097 2
7098 4
7099 3
7100 3
7101 2
7102 4
7103 4
7104 3
7105 4
7106 3
7107 3
7108 3
7109 3
7110 4
7111 3
7112 4
7113 3
7114 3
7115 4
7116 3
7117 4
7118 3
7119 2
7120 3
7121 4
7122 2
7123 3
7124 3
7125 4
7126 2
7127 4
7128 3
7129 3
7130 3
7131 3
7132 3
7133 4
7134 3
7135 4
7136 3
7137 4
7138 3
7139 3
7140 3
7141 2
7142 2
7143 3
7144 3
7145 4
7146 3
7147 4
7148 4
7149 2
7150 3
7151 2
7152 4
7153 3
7154 4
7155 3
7156 3
7157 2
7158 3
7159 3
7160 3
7161 3
7162 3
7163 3
7164 4
7165 3
7166 4
7167 4
7168 2
7169 4
7170 3
7171 4
7172 2
7173 3
7174 4
7175 2
7176 3
7177 4
7178 3
7179 3
7180 4
7181 3
7182 4
7183 5
7184 3
7185 3
7186 3
7187 3
7188 3
7189 3
7190 3
7191 4
7192 3
7193 3
7194 3
7195 3
7196 3
7197 3
7198 3
7199 4
7200 4
7201 3
7202 4
7203 4
7204 3
7205 3
7206 3
7207 3
7208 3
7209 3
7210 2
7211 3
7212 4
7213 3
7214 3
7215 3
7216 2
7217 3
7218 4
7219 3
7220 3
7221 4
7222 3
7223 3
7224 3
7225 3
7226 3
7227 2
7228 3
7229 3
7230 3
7231 2
7232 4
7233 3
7234 4
7235 3
7236 2
7237 2
7238 2
7239 4
7240 3
7241 3
7242 2
7243 3
7244 3
7245 3
7246 2
7247 4
7248 3
7249 3
7250 3
7251 4
7252 4
7253 4
7254 2
7255 3
7256 4
7257 5
7258 4
7259 3
7260 3
7261 3
7262 3
7263 4
7264 3
7265 4
7266 3
7267 3
7268 3
7269 3
7270 3
7271 4
7272 3
7273 3
7274 3
7275 3
7276 3
7277 4
7278 3
7279 2
7280 3
7281 3
7282 3
7283 3
7284 4
7285 2
7286 4
7287 3
7288 2
7289 3
7290 2
7291 3
7292 3
7293 3
7294 4
7295 4
7296 3
7297 3
7298 3
7299 5
7300 3
7301 4
7302 2
7303 3
7304 4
7305 3
7306 4
7307 4
7308 4
7309 2
7310 3
7311 3
7312 3
7313 3
7314 2
7315 3
7316 3
7317 3
7318 3
7319 3
7320 3
7321 3
7322 2
7323 3
7324 4
7325 3
7326 3
7327 3
7328 2
7329 3
7330 3
7331 4
7332 3
7333 3
7334 3
7335 3
7336 4
7337 4
7338 3
7339 4
7340 2
7341 5
7342 3
7343 2
7344 3
7345 4
7346 4
7347 4
7348 3
7349 3
7350 3
7351 3
7352 2
7353 3
7354 4
7355 3
7356 4
7357 2
7358 3
7359 3
7360 2
7361 4
7362 3
7363 2
7364 3
7365 4
7366 5
7367 3
7368 4
7369 4
7370 3
7371 3
7372 4
7373 3
7374 3
7375 5
7376 3
7377 4
7378 4
7379 3
7380 4
7381 4
7382 3
7383 3
7384 2
7385 3
7386 3
7387 2
7388 2
7389 4
7390 3
7391 2
7392 6
7393 3
7394 3
7395 4
7396 3
7397 3
7398 3
7399 3
7400 3
7401 2
7402 5
7403 2
7404 3
7405 2
7406 4
7407 2
7408 3
7409 3
7410 2
7411 3
7412 3
7413 4
7414 3
7415 4
7416 3
7417 5
7418 3
7419 3
7420 3
7421 3
7422 4
7423 3
7424 3
7425 3
7426 4
7427 4
7428 4
7429 5
7430 4
7431 4
7432 5
7433 3
7434 3
7435 3
7436 5
7437 3
7438 3
7439 3
7440 4
7441 3
7442 4
7443 2
7444 3
7445 3
7446 2
7447 3
7448 2
7449 3
7450 3
7451 2
7452 4
7453 3
7454 3
7455 3
7456 2
7457 2
7458 2
7459 3
7460 3
7461 4
7462 3
7463 3
7464 2
7465 3
7466 4
7467 3
7468 3
7469 4
7470 3
7471 3
7472 3
7473 5
7474 3
7475 3
7476 3
7477 4
7478 3
7479 4
7480 5
7481 3
7482 3
7483 3
7484 3
7485 4
7486 3
7487 3
7488 3
7489 3
7490 4
7491 3
7492 3
7493 4
7494 3
7495 3
7496 3
7497 3
7498 3
7499 3
7500 2
7501 5
7502 3
7503 4
7504 4
7505 2
7506 3
7507 2
7508 3
7509 3
7510 3
7511 4
7512 3
7513 3
7514 2
7515 4
7516 4
7517 3
7518 3
7519 3
7520 4
7521 4
7522 3
7523 3
7524 3
7525 4
7526 3
7527 3
7528 3
7529 4
7530 3
7531 3
7532 3
7533 3
7534 3
7535 2
7536 3
7537 3
7538 3
7539 3
7540 3
7541 2
7542 4
7543 3
7544 4
7545 5
7546 3
7547 5
7548 3
7549 3
7550 3
7551 3
7552 3
7553 3
7554 2
7555 3
7556 4
7557 3
7558 3
7559 3
7560 3
7561 4
7562 3
7563 3
7564 2
7565 4
7566 3
7567 3
7568 2
7569 3
7570 3
7571 4
7572 3
7573 4
7574 3
7575 4
7576 5
7577 3
7578 3
7579 4
7580 3
7581 2
7582 3
7583 3
7584 4
7585 3
7586 4
7587 3
7588 3
7589 3
7590 3
7591 3
7592 3
7593 4
7594 3
7595 4
7596 3
7597 3
7598 2
7599 3
7600 3
7601 4
7602 3
7603 4
7604 6
7605 4
7606 3
7607 2
7608 3
7609 4
7610 3
7611 4
7612 3
7613 4
7614 2
7615 4
7616 3
7617 4
7618 3
7619 3
7620 4
7621 3
7622 4
7623 3
7624 4
7625 3
7626 2
7627 4
7628 4
7629 2
7630 4
7631 4
7632 2
7633 4
7634 3
7635 4
7636 4
7637 3
7638 3
7639 2
7640 4
7641 2
7642 3
7643 3
7644 4
7645 3
7646 3
7647 4
7648 2
7649 3
7650 3
7651 4
7652 2
7653 4
7654 3
7655 4
7656 4
7657 3
7658 3
7659 3
7660 4
7661 4
7662 2
7663 4
7664 3
7665 3
7666 3
7667 2
7668 4
7669 3
7670 3
7671 2
7672 4
7673 4
7674 3
7675 3
7676 3
7677 2
7678 3
7679 4
7680 3
7681 4
7682 3
7683 3
7684 3
7685 2
7686 3
7687 4
7688 4
7689 3
7690 3
7691 3
7692 3
7693 3
7694 4
7695 3
7696 4
7697 2
7698 3
7699 3
7700 3
7701 3
7702 3
7703 3
7704 3
7705 3
7706 3
7707 3
7708 3
7709 3
7710 2
7711 3
7712 2
7713 2
7714 3
7715 3
7716 4
7717 3
7718 4
7719 3
7720 3
7721 4
7722 3
7723 2
7724 4
7725 2
7726 3
7727 3
7728 4
7729 3
7730 3
7731 3
7732 2
7733 3
7734 5
7735 3
7736 3
7737 4
7738 4
7739 2
7740 3
7741 3
7742 3
7743 3
7744 3
7745 3
7746 3
7747 3
7748 3
7749 2
7750 2
7751 3
7752 3
7753 3
7754 4
7755 3
7756 3
7757 4
7758 3
7759 4
7760 3
7761 2
7762 4
7763 3
7764 3
7765 4
7766 3
7767 3
7768 3
7769 4
7770 3
7771 3
7772 3
7773 4
7774 4
7775 3
7776 2
7777 3
7778 3
7779 3
7780 4
7781 3
7782 4
7783 6
7784 3
7785 3
7786 3
7787 3
7788 3
7789 3
7790 3
7791 3
7792 4
7793 3
7794 3
7795 4
7796 3
7797 4
7798 3
7799 3
7800 4
7801 3
7802 3
7803 5
7804 3
7805 3
7806 4
7807 2
7808 2
7809 4
7810 3
7811 3
7812 3
7813 3
7814 3
7815 3
7816 3
7817 3
7818 3
7819 3
7820 2
7821 2
7822 3
7823 4
7824 3
7825 4
7826 4
7827 2
7828 3
7829 4
7830 3
7831 3
7832 4
7833 2
7834 3
7835 2
7836 3
7837 3
7838 3
7839 3
7840 3
7841 4
7842 3
7843 3
7844 3
7845 2
7846 2
7847 4
7848 3
7849 3
7850 2
7851 4
7852 3
7853 4
7854 4
7855 4
7856 3
7857 3
7858 2
7859 3
7860 3
7861 3
7862 3
7863 3
7864 2
7865 3
7866 2
7867 3
7868 4
7869 4
7870 4
7871 3
7872 2
7873 2
7874 3
7875 3
7876 4
7877 3
7878 3
7879 4
7880 7
7881 4
7882 2
7883 3
7884 4
7885 2
7886 3
7887 3
7888 3
7889 3
7890 4
7891 3
7892 4
7893 4
7894 3
7895 3
7896 4
7897 3
7898 2
7899 4
7900 2
7901 3
7902 3
7903 3
7904 3
7905 4
7906 2
7907 3
7908 4
7909 3
7910 3
7911 3
7912 3
7913 4
7914 5
7915 4
7916 4
7917 4
7918 3
7919 3
7920 3
7921 3
7922 3
7923 3
7924 3
7925 2
7926 3
7927 2
7928 3
7929 3
7930 3
7931 3
7932 3
7933 3
7934 2
7935 3
7936 4
7937 3
7938 4
7939 3
7940 3
7941 4
7942 3
7943 3
7944 3
7945 4
7946 3
7947 4
7948 3
7949 3
7950 3
7951 3
7952 3
7953 3
7954 3
7955 4
7956 3
7957 3
7958 3
7959 3
7960 4
7961 4
7962 2
7963 4
7964 3
7965 3
7966 3
7967 3
7968 3
7969 3
7970 3
7971 3
7972 3
7973 5
7974 3
7975 4
7976 3
7977 3
7978 2
7979 4
7980 2
7981 3
7982 4
7983 3
7984 3
7985 3
7986 3
7987 3
7988 4
7989 4
7990 3
7991 3
7992 3
7993 3
7994 4
7995 3
7996 3
7997 3
7998 2
7999 3
8000 3
8001 4
8002 3
8003 3
8004 3
8005 3
8006 3
8007 3
8008 4
8009 2
8010 3
8011 2
8012 4
8013 4
8014 4
8015 4
8016 3
8017 3
8018 3
8019 2
8020 3
8021 2
8022 3
8023 3
8024 4
8025 2
8026 3
8027 4
8028 3
8029 3
8030 3
8031 3
8032 4
8033 3
8034 3
8035 3
8036 3
8037 3
8038 3
8039 3
8040 2
8041 2
8042 4
8043 3
8044 3
8045 3
8046 3
8047 3
8048 4
8049 4
8050 4
8051 4
8052 4
8053 3
8054 3
8055 4
8056 3
8057 3
8058 3
8059 3
8060 3
8061 3
8062 4
8063 3
8064 3
8065 4
8066 3
8067 3
8068 3
8069 3
8070 3
8071 4
8072 3
8073 3
8074 3
8075 3
8076 3
8077 2
8078 3
8079 3
8080 4
8081 3
8082 3
8083 4
8084 4
8085 3
8086 3
8087 3
8088 3
8089 3
8090 3
8091 3
8092 3
8093 3
8094 4
8095 4
8096 3
8097 3
8098 4
8099 4
8100 3
8101 3
8102 3
8103 4
8104 3
8105 3
8106 3
8107 3
8108 3
8109 5
8110 4
8111 4
8112 4
8113 4
8114 3
8115 3
8116 3
8117 3
8118 4
8119 3
8120 2
8121 3
8122 2
8123 4
8124 3
8125 3
8126 3
8127 4
8128 3
8129 4
8130 3
8131 3
8132 2
8133 3
8134 3
8135 2
8136 2
8137 2
8138 4
8139 2
8140 3
8141 2
8142 4
8143 3
8144 2
8145 4
8146 2
8147 4
8148 4
8149 3
8150 3
8151 3
8152 4
8153 3
8154 3
8155 3
8156 3
8157 3
8158 3
8159 2
8160 2
8161 4
8162 3
8163 3
8164 3
8165 3
8166 5
8167 3
8168 4
8169 3
8170 3
8171 3
8172 3
8173 2
8174 4
8175 3
8176 3
8177 3
8178 4
8179 3
8180 3
8181 3
8182 3
8183 3
8184 4
8185 3
8186 4
8187 3
8188 3
8189 3
8190 3
8191 3
8192 4
8193 4
8194 4
8195 4
8196 3
8197 3
8198 3
8199 4
8200 3
8201 3
8202 3
8203 3
8204 3
8205 4
8206 3
8207 3
8208 3
8209 4
8210 4
8211 2
8212 4
8213 4
8214 3
8215 2
8216 3
8217 4
8218 4
8219 3
8220 3
8221 2
8222 3
8223 2
8224 3
8225 4
8226 2
8227 3
8228 4
8229 3
8230 2
8231 3
8232 4
8233 3
8234 3
8235 2
8236 4
8237 4
8238 4
8239 3
8240 2
8241 3
8242 4
8243 3
8244 3
8245 3
8246 4
8247 3
8248 3
8249 3
8250 3
8251 3
8252 4
8253 4
8254 3
8255 2
8256 4
8257 2
8258 3
8259 4
8260 2
8261 3
8262 3
8263 3
8264 4
8265 2
8266 3
8267 3
8268 3
8269 5
8270 3
8271 3
8272 3
8273 3
8274 3
8275 3
8276 2
8277 4
8278 4
8279 5
8280 3
8281 4
8282 3
8283 4
8284 3
8285 4
8286 3
8287 3
8288 3
8289 3
8290 2
8291 4
8292 3
8293 4
8294 3
8295 4
8296 4
8297 4
8298 3
8299 3
8300 3
8301 3
8302 2
8303 2
8304 3
8305 3
8306 2
8307 3
8308 3
8309 3
8310 4
8311 3
8312 3
8313 3
8314 2
8315 3
8316 3
8317 3
8318 3
8319 3
8320 3
8321 4
8322 3
8323 3
8324 4
8325 3
8326 4
8327 3
8328 3
8329 3
8330 3
8331 4
8332 4
8333 4
8334 4
8335 3
8336 4
8337 3
8338 3
8339 4
8340 2
8341 3
8342 4
8343 4
8344 2
8345 3
8346 5
8347 3
8348 3
8349 3
8350 2
8351 2
8352 3
8353 3
8354 3
8355 2
8356 4
8357 2
8358 3
8359 3
8360 3
8361 2
8362 2
8363 4
8364 3
8365 3
8366 3
8367 3
8368 3
8369 3
8370 3
8371 3
8372 3
8373 2
8374 3
8375 3
8376 3
8377 3
8378 4
8379 3
8380 2
8381 4
8382 2
8383 3
8384 3
8385 3
8386 4
8387 2
8388 4
8389 3
8390 3
8391 3
8392 3
8393 3
8394 3
8395 4
8396 3
8397 4
8398 3
8399 4
8400 3
8401 3
8402 3
8403 4
8404 3
8405 3
8406 3
8407 3
8408 3
8409 3
8410 3
8411 3
8412 3
8413 3
8414 5
8415 4
8416 3
8417 3
8418 4
8419 3
8420 4
8421 3
8422 4
8423 3
8424 4
8425 2
8426 3
8427 3
8428 2
8429 2
8430 3
8431 3
8432 3
8433 3
8434 4
8435 3
8436 3
8437 3
8438 3
8439 2
8440 3
8441 3
8442 2
8443 3
8444 3
8445 3
8446 3
8447 2
8448 5
8449 4
8450 3
8451 4
8452 3
8453 3
8454 3
8455 3
8456 3
8457 3
8458 3
8459 3
8460 3
8461 3
8462 4
8463 3
8464 3
8465 2
8466 4
8467 3
8468 4
8469 4
8470 3
8471 3
8472 3
8473 3
8474 3
8475 2
8476 3
8477 5
8478 3
8479 2
8480 3
8481 3
8482 2
8483 3
8484 3
8485 4
8486 3
8487 4
8488 3
8489 3
8490 3
8491 2
8492 3
8493 2
8494 2
8495 3
8496 4
8497 3
8498 3
8499 2
8500 2
8501 3
8502 2
8503 3
8504 4
8505 3
8506 4
8507 2
8508 2
8509 3
8510 5
8511 4
8512 3
8513 3
8514 4
8515 3
8516 3
8517 4
8518 3
8519 3
8520 2
8521 2
8522 3
8523 3
8524 3
8525 3
8526 3
8527 3
8528 3
8529 4
8530 3
8531 4
8532 4
8533 3
8534 2
8535 3
8536 3
8537 3
8538 2
8539 4
8540 3
8541 3
8542 3
8543 4
8544 3
8545 3
8546 3
8547 3
8548 4
8549 3
8550 2
8551 4
8552 3
8553 4
8554 4
8555 4
8556 4
8557 3
8558 4
8559 2
8560 3
8561 5
8562 3
8563 3
8564 4
8565 4
8566 4
8567 4
8568 3
8569 4
8570 4
8571 3
8572 3
8573 3
8574 3
8575 3
8576 3
8577 3
8578 3
8579 3
8580 3
8581 3
8582 4
8583 3
8584 3
8585 3
8586 3
8587 4
8588 3
8589 3
8590 4
8591 4
8592 4
8593 3
8594 3
8595 3
8596 3
8597 3
8598 3
8599 3
8600 3
8601 3
8602 4
8603 2
8604 4
8605 3
8606 3
8607 4
8608 3
8609 2
8610 3
8611 3
8612 3
8613 3
8614 3
8615 3
8616 4
8617 3
8618 4
8619 4
8620 3
8621 3
8622 4
8623 3
8624 3
8625 3
8626 4
8627 3
8628 3
8629 3
8630 3
8631 3
8632 4
8633 3
8634 3
8635 3
8636 4
8637 4
8638 3
8639 3
8640 4
8641 2
8642 3
8643 3
8644 2
8645 3
8646 4
8647 3
8648 2
8649 3
8650 3
8651 2
8652 4
8653 3
8654 3
8655 3
8656 2
8657 3
8658 3
8659 5
8660 4
8661 3
8662 3
8663 2
8664 4
8665 4
8666 3
8667 3
8668 3
8669 3
8670 3
8671 2
8672 2
8673 3
8674 3
8675 3
8676 3
8677 3
8678 2
8679 2
8680 4
8681 3
8682 3
8683 2
8684 4
8685 4
8686 4
8687 3
8688 2
8689 4
8690 3
8691 3
8692 3
8693 4
8694 4
8695 3
8696 3
8697 4
8698 3
8699 3
8700 3
8701 3
8702 2
8703 2
8704 2
8705 3
8706 4
8707 4
8708 3
8709 3
8710 2
8711 3
8712 4
8713 3
8714 2
8715 3
8716 5
8717 3
8718 3
8719 2
8720 6
8721 4
8722 3
8723 3
8724 3
8725 3
8726 3
8727 4
8728 4
8729 3
8730 3
8731 3
8732 4
8733 3
8734 4
8735 2
8736 2
8737 3
8738 2
8739 3
8740 3
8741 3
8742 2
8743 4
8744 5
8745 3
8746 3
8747 3
8748 3
8749 3
8750 3
8751 3
8752 4
8753 3
8754 3
8755 4
8756 3
8757 3
8758 3
8759 3
8760 3
8761 2
8762 3
8763 3
8764 3
8765 3
8766 3
8767 5
8768 3
8769 3
8770 3
8771 4
8772 3
8773 3
8774 3
8775 3
8776 3
8777 3
8778 6
8779 3
8780 5
8781 2
8782 3
8783 3
8784 3
8785 3
8786 3
8787 3
8788 3
8789 3
8790 3
8791 3
8792 3
8793 4
8794 3
8795 3
8796 3
8797 3
8798 3
8799 4
8800 4
8801 4
8802 2
8803 4
8804 3
8805 3
8806 3
8807 3
8808 3
8809 3
8810 3
8811 4
8812 3
8813 2
8814 3
8815 3
8816 3
8817 3
8818 4
8819 3
8820 4
8821 2
8822 2
8823 2
8824 2
8825 4
8826 4
8827 3
8828 3
8829 3
8830 3
8831 3
8832 4
8833 3
8834 2
8835 2
8836 2
8837 3
8838 3
8839 4
8840 3
8841 3
8842 4
8843 2
8844 3
8845 3
8846 4
8847 2
8848 3
8849 3
8850 4
8851 4
8852 2
8853 3
8854 4
8855 3
8856 3
8857 3
8858 2
8859 3
8860 3
8861 3
8862 4
8863 4
8864 3
8865 3
8866 3
8867 4
8868 3
8869 3
8870 3
8871 3
8872 3
8873 3
8874 3
8875 2
8876 3
8877 3
8878 4
8879 4
8880 3
8881 4
8882 3
8883 3
8884 3
8885 4
8886 3
8887 4
8888 2
8889 3
8890 3
8891 3
8892 3
8893 3
8894 3
8895 4
8896 3
8897 3
8898 3
8899 3
8900 3
8901 3
8902 3
8903 3
8904 3
8905 3
8906 3
8907 3
8908 4
8909 3
8910 3
8911 3
8912 2
8913 3
8914 3
8915 2
8916 2
8917 3
8918 3
8919 3
8920 3
8921 3
8922 3
8923 3
8924 3
8925 3
8926 3
8927 4
8928 3
8929 2
8930 2
8931 2
8932 4
8933 3
8934 3
8935 3
8936 4
8937 4
8938 3
8939 3
8940 2
8941 3
8942 2
8943 2
8944 4
8945 4
8946 4
8947 3
8948 2
8949 3
8950 2
8951 3
8952 3
8953 3
8954 3
8955 3
8956 3
8957 4
8958 3
8959 3
8960 3
8961 2
8962 4
8963 4
8964 2
8965 3
8966 2
8967 3
8968 2
8969 4
8970 4
8971 4
8972 3
8973 2
8974 3
8975 3
8976 3
8977 4
8978 5
8979 3
8980 3
8981 4
8982 3
8983 4
8984 3
8985 2
8986 4
8987 3
8988 4
8989 3
8990 3
8991 3
8992 3
8993 3
8994 3
8995 3
8996 3
8997 3
8998 3
8999 3
9000 3
9001 3
9002 3
9003 4
9004 3
9005 5
9006 3
9007 4
9008 4
9009 4
9010 4
9011 2
9012 3
9013 3
9014 3
9015 3
9016 3
9017 3
9018 3
9019 4
9020 2
9021 3
9022 4
9023 3
9024 6
9025 3
9026 3
9027 3
9028 4
9029 3
9030 4
9031 3
9032 3
9033 4
9034 3
9035 4
9036 3
9037 2
9038 3
9039 3
9040 3
9041 2
9042 4
9043 3
9044 4
9045 3
9046 3
9047 3
9048 3
9049 4
9050 2
9051 4
9052 2
9053 3
9054 4
9055 3
9056 3
9057 4
9058 3
9059 3
9060 3
9061 3
9062 3
9063 3
9064 3
9065 3
9066 3
9067 3
9068 3
9069 3
9070 3
9071 3
9072 4
9073 3
9074 3
9075 4
9076 3
9077 4
9078 3
9079 3
9080 4
9081 3
9082 3
9083 2
9084 3
9085 4
9086 3
9087 2
9088 2
9089 3
9090 3
9091 4
9092 3
9093 2
9094 3
9095 2
9096 4
9097 3
9098 3
9099 3
9100 3
9101 3
9102 4
9103 4
9104 3
9105 3
9106 3
9107 3
9108 3
9109 3
9110 4
9111 3
9112 3
9113 3
9114 2
9115 4
9116 3
9117 3
9118 3
9119 2
9120 4
9121 4
9122 4
9123 4
9124 3
9125 3
9126 3
9127 3
9128 4
9129 3
9130 3
9131 3
9132 2
9133 3
9134 3
9135 3
9136 3
9137 3
9138 3
9139 4
9140 4
9141 3
9142 3
9143 3
9144 3
9145 2
9146 3
9147 3
9148 3
9149 3
9150 3
9151 4
9152 4
9153 3
9154 4
9155 4
9156 2
9157 4
9158 3
9159 3
9160 3
9161 3
9162 3
9163 3
9164 3
9165 2
9166 3
9167 3
9168 3
9169 3
9170 3
9171 3
9172 3
9173 4
9174 2
9175 3
9176 3
9177 4
9178 2
9179 3
9180 3
9181 3
9182 4
9183 3
9184 5
9185 3
9186 3
9187 3
9188 6
9189 4
9190 3
9191 3
9192 3
9193 4
9194 3
9195 3
9196 3
9197 3
9198 3
9199 3
9200 4
9201 3
9202 3
9203 4
9204 4
9205 4
9206 4
9207 3
9208 3
9209 4
9210 3
9211 3
9212 3
9213 3
9214 3
9215 3
9216 3
9217 3
9218 3
9219 5
9220 3
9221 3
9222 2
9223 3
9224 3
9225 3
9226 3
9227 3
9228 4
9229 3
9230 3
9231 4
9232 4
9233 3
9234 4
9235 4
9236 4
9237 3
9238 3
9239 3
9240 3
9241 4
9242 3
9243 3
9244 4
9245 3
9246 2
9247 4
9248 3
9249 3
9250 3
9251 3
9252 3
9253 3
9254 3
9255 4
9256 7
9257 3
9258 3
9259 3
9260 3
9261 3
9262 4
9263 5
9264 3
9265 3
9266 4
9267 3
9268 3
9269 4
9270 3
9271 3
9272 3
9273 2
9274 3
9275 3
9276 3
9277 3
9278 3
9279 3
9280 3
9281 3
9282 2
9283 4
9284 3
9285 3
9286 4
9287 3
9288 4
9289 4
9290 3
9291 3
9292 3
9293 3
9294 3
9295 3
9296 3
9297 3
9298 4
9299 2
9300 2
9301 3
9302 4
9303 4
9304 3
9305 3
9306 3
9307 4
9308 3
9309 3
9310 2
9311 2
9312 2
9313 4
9314 4
9315 3
9316 3
9317 3
9318 4
9319 4
9320 4
9321 4
9322 5
9323 3
9324 2
9325 4
9326 4
9327 4
9328 2
9329 3
9330 4
9331 2
9332 5
9333 4
9334 4
9335 3
9336 3
9337 3
9338 4
9339 3
9340 4
9341 3
9342 5
9343 3
9344 3
9345 3
9346 3
9347 3
9348 4
9349 3
9350 3
9351 4
9352 2
9353 3
9354 3
9355 5
9356 3
9357 2
9358 3
9359 4
9360 2
9361 3
9362 3
9363 3
9364 3
9365 3
9366 4
9367 3
9368 3
9369 3
9370 4
9371 4
9372 3
9373 5
9374 3
9375 4
9376 3
9377 4
9378 3
9379 4
9380 3
9381 3
9382 4
9383 3
9384 3
9385 3
9386 4
9387 4
9388 3
9389 3
9390 2
9391 3
9392 5
9393 3
9394 3
9395 4
9396 3
9397 3
9398 3
9399 3
9400 4
9401 4
9402 3
9403 4
9404 2
9405 3
9406 2
9407 3
9408 2
9409 3
9410 4
9411 3
9412 3
9413 3
9414 3
9415 3
9416 3
9417 2
9418 5
9419 2
9420 3
9421 3
9422 4
9423 3
9424 3
9425 3
9426 2
9427 3
9428 3
9429 4
9430 3
9431 3
9432 3
9433 3
9434 3
9435 3
9436 3
9437 3
9438 3
9439 3
9440 3
9441 2
9442 4
9443 3
9444 3
9445 4
9446 3
9447 4
9448 3
9449 3
9450 3
9451 4
9452 3
9453 3
9454 3
9455 3
9456 4
9457 3
9458 3
9459 2
9460 3
9461 3
9462 3
9463 3
9464 3
9465 3
9466 4
9467 3
9468 3
9469 3
9470 3
9471 3
9472 3
9473 4
9474 4
9475 3
9476 3
9477 3
9478 5
9479 4
9480 4
9481 3
9482 2
9483 3
9484 3
9485 3
9486 4
9487 2
9488 2
9489 3
9490 3
9491 2
9492 3
9493 3
9494 2
9495 2
9496 3
9497 4
9498 4
9499 4
9500 3
9501 4
9502 4
9503 3
9504 3
9505 3
9506 3
9507 3
9508 4
9509 3
9510 3
9511 2
9512 3
9513 3
9514 2
9515 3
9516 3
9517 5
9518 4
9519 2
9520 4
9521 4
9522 4
9523 3
9524 3
9525 4
9526 3
9527 2
9528 4
9529 3
9530 4
9531 3
9532 3
9533 3
9534 3
9535 4
9536 3
9537 3
9538 4
9539 4
9540 2
9541 4
9542 3
9543 2
9544 3
9545 3
9546 4
9547 3
9548 3
9549 3
9550 5
9551 3
9552 3
9553 3
9554 3
9555 3
9556 3
9557 4
9558 3
9559 4
9560 3
9561 5
9562 5
9563 2
9564 3
9565 2
9566 3
9567 3
9568 3
9569 2
9570 3
9571 3
9572 3
9573 3
9574 4
9575 3
9576 2
9577 3
9578 4
9579 2
9580 3
9581 3
9582 2
9583 3
9584 3
9585 4
9586 4
9587 3
9588 3
9589 3
9590 3
9591 3
9592 3
9593 3
9594 3
9595 3
9596 5
9597 4
9598 3
9599 4
9600 3
9601 2
9602 3
9603 3
9604 2
9605 3
9606 3
9607 3
9608 3
9609 3
9610 3
9611 3
9612 3
9613 3
9614 4
9615 3
9616 3
9617 2
9618 4
9619 3
9620 3
9621 4
9622 4
9623 4
9624 3
9625 3
9626 4
9627 2
9628 3
9629 3
9630 3
9631 3
9632 3
9633 4
9634 3
9635 3
9636 4
9637 2
9638 4
9639 3
9640 4
9641 3
9642 4
9643 3
9644 3
9645 3
9646 4
9647 4
9648 3
9649 3
9650 3
9651 3
9652 4
9653 4
9654 3
9655 3
9656 3
9657 3
9658 3
9659 2
9660 3
9661 3
9662 3
9663 3
9664 3
9665 4
9666 2
9667 3
9668 2
9669 3
9670 3
9671 3
9672 4
9673 4
9674 4
9675 4
9676 2
9677 3
9678 3
9679 3
9680 3
9681 3
9682 5
9683 3
9684 3
9685 3
9686 3
9687 3
9688 2
9689 2
9690 3
9691 3
9692 3
9693 3
9694 3
9695 3
9696 4
9697 2
9698 3
9699 2
9700 3
9701 2
9702 3
9703 3
9704 3
9705 2
9706 4
9707 3
9708 3
9709 2
9710 4
9711 3
9712 3
9713 2
9714 4
9715 2
9716 4
9717 3
9718 3
9719 3
9720 4
9721 4
9722 3
9723 5
9724 3
9725 3
9726 3
9727 3
9728 2
9729 3
9730 3
9731 3
9732 3
9733 3
9734 4
9735 3
9736 3
9737 4
9738 3
9739 4
9740 3
9741 3
9742 3
9743 4
9744 4
9745 3
9746 4
9747 3
9748 4
9749 3
9750 4
9751 3
9752 3
9753 3
9754 3
9755 2
9756 4
9757 4
9758 3
9759 3
9760 2
9761 3
9762 3
9763 3
9764 3
9765 3
9766 2
9767 3
9768 3
9769 2
9770 3
9771 3
9772 3
9773 3
9774 2
9775 3
9776 3
9777 3
9778 3
9779 3
9780 3
9781 3
9782 4
9783 3
9784 4
9785 4
9786 3
9787 2
9788 4
9789 3
9790 3
9791 3
9792 4
9793 4
9794 3
9795 3
9796 3
9797 3
9798 4
9799 3
9800 2
9801 3
9802 3
9803 3
9804 3
9805 3
9806 3
9807 3
9808 3
9809 4
9810 3
9811 4
9812 4
9813 3
9814 3
9815 2
9816 3
9817 2
9818 4
9819 3
9820 3
9821 2
9822 4
9823 2
9824 3
9825 4
9826 3
9827 3
9828 3
9829 3
9830 3
9831 4
9832 4
9833 3
9834 3
9835 3
9836 2
9837 4
9838 3
9839 3
9840 4
9841 3
9842 3
9843 4
9844 3
9845 3
9846 3
9847 3
9848 3
9849 3
9850 2
9851 3
9852 3
9853 3
9854 3
9855 3
9856 3
9857 3
9858 4
9859 3
9860 3
9861 4
9862 2
9863 3
9864 3
9865 2
9866 3
9867 4
9868 3
9869 3
9870 2
9871 4
9872 3
9873 2
9874 3
9875 3
9876 4
9877 4
9878 3
9879 4
9880 3
9881 3
9882 3
9883 3
9884 4
9885 3
9886 3
9887 3
9888 3
9889 3
9890 2
9891 3
9892 3
9893 3
9894 4
9895 3
9896 3
9897 4
9898 3
9899 3
9900 3
9901 4
9902 4
9903 2
9904 4
9905 3
9906 3
9907 4
9908 2
9909 3
9910 3
9911 3
9912 3
9913 3
9914 3
9915 4
9916 3
9917 4
9918 3
9919 3
9920 3
9921 3
9922 3
9923 4
9924 3
9925 4
9926 3
9927 3
9928 5
9929 4
9930 3
9931 3
9932 4
9933 3
9934 3
9935 3
9936 3
9937 3
9938 3
9939 3
9940 3
9941 3
9942 4
9943 3
9944 2
9945 3
9946 3
9947 2
9948 3
9949 4
9950 3
9951 3
9952 2
9953 3
9954 3
9955 4
9956 4
9957 4
9958 3
9959 3
9960 4
9961 3
9962 3
9963 3
9964 3
9965 3
9966 3
9967 3
9968 3
9969 3
9970 4
9971 3
9972 3
9973 5
9974 3
9975 3
9976 3
9977 3
9978 4
9979 3
9980 3
9981 3
9982 3
9983 3
9984 2
9985 3
9986 3
9987 4
9988 4
9989 3
9990 4
9991 3
9992 3
9993 3
9994 4
9995 2
9996 3
9997 4
9998 3
9999 3
10000 3
10001 3
10002 3
10003 2
10004 3
10005 4
10006 5
10007 3
10008 3
10009 3
10010 2
10011 3
10012 3
10013 3
10014 3
10015 3
10016 3
10017 3
10018 4
10019 2
10020 3
10021 3
10022 3
10023 3
10024 4
10025 3
10026 3
10027 3
10028 4
10029 4
10030 3
10031 3
10032 3
10033 3
10034 3
10035 4
10036 3
10037 2
10038 4
10039 2
10040 4
10041 4
10042 2
10043 3
10044 3
10045 3
10046 3
10047 4
10048 4
10049 3
10050 4
10051 2
10052 3
10053 3
10054 4
10055 3
10056 3
10057 3
10058 3
10059 5
10060 3
10061 4
10062 4
10063 3
10064 3
10065 3
10066 3
10067 3
10068 3
10069 2
10070 3
10071 2
10072 4
10073 4
10074 3
10075 3
10076 3
10077 4
10078 3
10079 3
10080 4
10081 3
10082 2
10083 3
10084 3
10085 3
10086 3
10087 4
10088 4
10089 3
10090 4
10091 3
10092 3
10093 3
10094 4
10095 3
10096 3
10097 3
10098 3
10099 3
10100 3
10101 3
10102 4
10103 3
10104 4
10105 5
10106 4
10107 3
10108 2
10109 2
10110 2
10111 3
10112 3
10113 4
10114 3
10115 5
10116 3
10117 2
10118 3
10119 3
10120 3
10121 4
10122 3
10123 3
10124 4
10125 4
10126 2
10127 4
10128 4
10129 3
10130 3
10131 3
10132 3
10133 2
10134 3
10135 2
10136 4
10137 2
10138 3
10139 2
10140 4
10141 3
10142 4
10143 3
10144 3
10145 3
10146 4
10147 3
10148 3
10149 3
10150 3
10151 3
10152 5
10153 5
10154 4
10155 3
10156 3
10157 4
10158 3
10159 4
10160 4
10161 2
10162 3
10163 4
10164 3
10165 3
10166 4
10167 4
10168 4
10169 4
10170 3
10171 3
10172 3
10173 4
10174 2
10175 3
10176 4
10177 3
10178 4
10179 3
10180 3
10181 4
10182 3
10183 5
10184 2
10185 4
10186 3
10187 3
10188 3
10189 3
10190 4
10191 3
10192 3
10193 3
10194 2
10195 3
10196 3
10197 4
10198 3
10199 2
10200 3
10201 3
10202 3
10203 3
10204 3
10205 3
10206 3
10207 3
10208 4
10209 3
10210 4
10211 3
10212 4
10213 4
10214 3
10215 3
10216 3
10217 3
10218 3
10219 4
10220 3
10221 2
10222 4
10223 3
10224 4
10225 4
10226 3
10227 2
10228 3
10229 4
10230 3
10231 3
10232 3
10233 4
10234 3
10235 2
10236 2
10237 3
10238 2
10239 4
10240 3
10241 4
10242 3
10243 4
10244 2
10245 3
10246 3
10247 3
10248 3
10249 3
10250 3
10251 3
10252 4
10253 4
10254 4
10255 2
10256 2
10257 4
10258 3
10259 3
10260 3
10261 3
10262 3
10263 3
10264 2
10265 5
10266 3
10267 4
10268 4
10269 2
10270 3
10271 4
10272 3
10273 3
10274 4
10275 4
10276 2
10277 3
10278 4
10279 4
10280 3
10281 3
10282 4
10283 4
10284 3
10285 4
10286 5
10287 3
10288 3
10289 3
10290 3
10291 2
10292 4
10293 3
10294 4
10295 3
10296 3
10297 3
10298 4
10299 3
10300 4
10301 4
10302 3
10303 2
10304 3
10305 2
10306 4
10307 2
10308 3
10309 3
10310 4
10311 3
10312 2
10313 3
10314 3
10315 3
10316 3
10317 3
10318 3
10319 3
10320 3
10321 3
10322 3
10323 2
10324 3
10325 2
10326 4
10327 3
10328 3
10329 3
10330 4
10331 2
10332 3
10333 3
10334 4
10335 3
10336 3
10337 3
10338 3
10339 3
10340 3
10341 3
10342 2
10343 4
10344 3
10345 3
10346 4
10347 3
10348 3
10349 3
10350 3
10351 3
10352 3
10353 3
10354 3
10355 3
10356 4
10357 3
10358 3
10359 5
10360 3
10361 3
10362 3
10363 3
10364 3
10365 4
10366 3
10367 4
10368 3
10369 3
10370 3
10371 2
10372 4
10373 4
10374 2
10375 2
10376 4
10377 4
10378 4
10379 4
10380 4
10381 3
10382 3
10383 3
10384 6
10385 4
10386 2
10387 3
10388 4
10389 3
10390 3
10391 3
10392 3
10393 3
10394 2
10395 3
10396 3
10397 3
10398 4
10399 3
10400 3
10401 3
10402 3
10403 2
10404 2
10405 3
10406 3
10407 4
10408 3
10409 3
10410 3
10411 4
10412 4
10413 3
10414 4
10415 3
10416 2
10417 3
10418 4
10419 3
10420 3
10421 3
10422 3
10423 2
10424 3
10425 4
10426 3
10427 3
10428 2
10429 4
10430 3
10431 4
10432 3
10433 3
10434 3
10435 3
10436 3
10437 3
10438 4
10439 3
10440 3
10441 4
10442 2
10443 3
10444 3
10445 3
10446 4
10447 3
10448 2
10449 3
10450 2
10451 4
10452 4
10453 3
10454 3
10455 3
10456 3
10457 3
10458 3
10459 2
10460 3
10461 3
10462 2
10463 3
10464 3
10465 4
10466 3
10467 3
10468 3
10469 4
10470 3
10471 2
10472 4
10473 3
10474 3
10475 3
10476 3
10477 2
10478 3
10479 3
10480 3
10481 3
10482 3
10483 3
10484 3
10485 4
10486 3
10487 3
10488 3
10489 3
10490 4
10491 3
10492 3
10493 3
10494 3
10495 2
10496 4
10497 4
10498 4
10499 3
10500 4
10501 3
10502 4
10503 3
10504 3
10505 3
10506 3
10507 3
10508 3
10509 3
10510 4
10511 3
10512 3
10513 4
10514 4
10515 3
10516 3
10517 2
10518 3
10519 3
10520 3
10521 2
10522 3
10523 3
10524 3
10525 3
10526 3
10527 3
10528 3
10529 4
10530 4
10531 2
10532 2
10533 3
10534 3
10535 3
10536 3
10537 4
10538 4
10539 5
10540 3
10541 2
10542 3
10543 3
10544 3
10545 3
10546 3
10547 3
10548 3
10549 2
10550 3
10551 5
10552 3
10553 3
10554 3
10555 2
10556 3
10557 4
10558 4
10559 3
10560 3
10561 4
10562 3
10563 3
10564 4
10565 3
10566 3
10567 5
10568 4
10569 3
10570 4
10571 3
10572 3
10573 4
10574 4
10575 3
10576 2
10577 3
10578 3
10579 4
10580 3
10581 4
10582 3
10583 3
10584 3
10585 4
10586 3
10587 3
10588 3
10589 3
10590 3
10591 3
10592 3
10593 3
10594 3
10595 3
10596 4
10597 2
10598 3
10599 3
10600 3
10601 2
10602 2
10603 3
10604 4
10605 3
10606 2
10607 3
10608 4
10609 3
10610 3
10611 4
10612 4
10613 3
10614 2
10615 3
10616 3
10617 3
10618 3
10619 2
10620 5
10621 3
10622 3
10623 4
10624 2
10625 3
10626 4
10627 3
10628 3
10629 3
10630 4
10631 3
10632 5
10633 4
10634 4
10635 3
10636 3
10637 3
10638 3
10639 3
10640 2
10641 3
10642 3
10643 3
10644 3
10645 4
10646 4
10647 3
10648 2
10649 3
10650 3
10651 3
10652 4
10653 3
10654 3
10655 3
10656 4
10657 3
10658 3
10659 3
10660 6
10661 3
10662 4
10663 3
10664 4
10665 2
10666 3
10667 4
10668 4
10669 3
10670 3
10671 4
10672 2
10673 4
10674 3
10675 4
10676 3
10677 3
10678 3
10679 2
10680 3
10681 2
10682 3
10683 5
10684 4
10685 2
10686 3
10687 3
10688 3
10689 3
10690 3
10691 3
10692 3
10693 3
10694 3
10695 3
10696 3
10697 3
10698 4
10699 3
10700 4
10701 3
10702 3
10703 3
10704 3
10705 3
10706 3
10707 3
10708 3
10709 2
10710 3
10711 3
10712 3
10713 2
10714 5
10715 3
10716 3
10717 4
10718 3
10719 2
10720 4
10721 3
10722 2
10723 3
10724 3
10725 3
10726 4
10727 4
10728 4
10729 3
10730 3
10731 3
10732 2
10733 3
10734 3
10735 3
10736 3
10737 3
10738 3
10739 3
10740 3
10741 3
10742 4
10743 3
10744 3
10745 3
10746 5
10747 5
10748 3
10749 4
10750 4
10751 3
10752 4
10753 4
10754 4
10755 2
10756 3
10757 3
10758 3
10759 3
10760 3
10761 3
10762 3
10763 3
10764 3
10765 3
10766 2
10767 4
10768 4
10769 4
10770 4
10771 3
10772 4
10773 4
10774 4
10775 4
10776 3
10777 2
10778 3
10779 4
10780 3
10781 4
10782 3
10783 3
10784 3
10785 3
10786 3
10787 5
10788 3
10789 3
10790 3
10791 2
10792 3
10793 3
10794 3
10795 4
10796 4
10797 3
10798 3
10799 2
10800 3
10801 3
10802 3
10803 3
10804 4
10805 4
10806 3
10807 3
10808 3
10809 3
10810 2
10811 4
10812 3
10813 3
10814 3
10815 2
10816 4
10817 5
10818 3
10819 3
10820 5
10821 3
10822 3
10823 3
10824 4
10825 3
10826 3
10827 3
10828 3
10829 4
10830 4
10831 4
10832 3
10833 3
10834 2
10835 4
10836 4
10837 4
10838 3
10839 3
10840 3
10841 4
10842 3
10843 3
10844 5
10845 3
10846 4
10847 4
10848 4
10849 3
10850 3
10851 4
10852 3
10853 3
10854 4
10855 3
10856 3
10857 4
10858 3
10859 4
10860 4
10861 4
10862 3
10863 3
10864 2
10865 3
10866 3
10867 2
10868 2
10869 3
10870 3
10871 3
10872 3
10873 4
10874 3
10875 3
10876 3
10877 3
10878 3
10879 2
10880 3
10881 3
10882 3
10883 2
10884 3
10885 3
10886 2
10887 4
10888 3
10889 4
10890 3
10891 3
10892 4
10893 3
10894 3
10895 3
10896 2
10897 4
10898 4
10899 3
10900 3
10901 3
10902 4
10903 3
10904 3
10905 4
10906 2
10907 4
10908 3
10909 3
10910 4
10911 2
10912 3
10913 3
10914 3
10915 4
10916 2
10917 4
10918 3
10919 3
10920 4
10921 3
10922 4
10923 4
10924 3
10925 3
10926 4
10927 4
10928 3
10929 3
10930 3
10931 3
10932 4
10933 3
10934 4
10935 3
10936 4
10937 3
10938 3
10939 3
10940 4
10941 4
10942 4
10943 4
10944 2
10945 3
10946 3
10947 4
10948 3
10949 3
10950 4
10951 3
10952 3
10953 4
10954 4
10955 3
10956 3
10957 6
10958 3
10959 4
10960 4
10961 3
10962 4
10963 3
10964 4
10965 4
10966 2
10967 4
10968 3
10969 4
10970 4
10971 3
10972 3
10973 3
10974 5
10975 4
10976 3
10977 3
10978 3
10979 3
10980 3
10981 2
10982 3
10983 4
10984 4
10985 3
10986 3
10987 3
10988 4
10989 2
10990 3
10991 4
10992 5
10993 3
10994 4
10995 4
10996 3
10997 2
10998 3
10999 2
11000 2
11001 3
11002 3
11003 2
11004 3
11005 3
11006 3
11007 4
11008 3
11009 2
11010 3
11011 3
11012 4
11013 7
11014 3
11015 2
11016 3
11017 2
11018 3
11019 3
11020 3
11021 3
11022 4
11023 3
11024 3
11025 4
11026 3
11027 3
11028 3
11029 3
11030 3
11031 4
11032 4
11033 3
11034 3
11035 3
11036 3
11037 4
11038 4
11039 3
11040 2
11041 3
11042 3
11043 3
11044 4
11045 2
11046 3
11047 2
11048 3
11049 3
11050 3
11051 3
11052 3
11053 2
11054 3
11055 3
11056 4
11057 3
11058 4
11059 3
11060 3
11061 3
11062 3
11063 4
11064 3
11065 3
11066 3
11067 2
11068 3
11069 4
11070 3
11071 2
11072 3
11073 3
11074 4
11075 4
11076 3
11077 3
11078 3
11079 3
11080 4
11081 4
11082 3
11083 3
11084 3
11085 2
11086 2
11087 3
11088 4
11089 3
11090 4
11091 3
11092 3
11093 3
11094 2
11095 3
11096 3
11097 4
11098 2
11099 3
11100 3
11101 3
11102 3
11103 3
11104 3
11105 3
11106 2
11107 4
11108 3
11109 3
11110 4
11111 4
11112 3
11113 4
11114 4
11115 2
11116 4
11117 3
11118 3
11119 4
11120 3
11121 3
11122 3
11123 3
11124 3
11125 3
11126 4
11127 3
11128 3
11129 3
11130 3
11131 3
11132 4
11133 3
11134 3
11135 4
11136 3
11137 3
11138 3
11139 4
11140 3
11141 3
11142 3
11143 2
11144 3
11145 2
11146 3
11147 4
11148 2
11149 3
11150 3
11151 3
11152 4
11153 3
11154 3
11155 4
11156 2
11157 4
11158 3
11159 3
11160 4
11161 4
11162 4
11163 3
11164 3
11165 3
11166 3
11167 3
11168 3
11169 3
11170 3
11171 4
11172 3
11173 3
11174 4
11175 3
11176 2
11177 3
11178 3
11179 3
11180 3
11181 3
11182 4
11183 3
11184 3
11185 3
11186 3
11187 3
11188 3
11189 3
11190 4
11191 3
11192 3
11193 3
11194 3
11195 3
11196 4
11197 2
11198 3
11199 3
11200 3
11201 3
11202 3
11203 2
11204 3
11205 4
11206 3
11207 3
11208 4
11209 2
11210 4
11211 3
11212 4
11213 3
11214 3
11215 2
11216 4
11217 4
11218 3
11219 3
11220 2
11221 4
11222 4
11223 4
11224 3
11225 2
11226 3
11227 3
11228 3
11229 4
11230 3
11231 3
11232 4
11233 4
11234 2
11235 3
11236 3
11237 3
11238 4
11239 4
11240 3
11241 4
11242 3
11243 3
11244 3
11245 3
11246 3
11247 4
11248 4
11249 3
11250 4
11251 3
11252 4
11253 3
11254 3
11255 3
11256 3
11257 4
11258 3
11259 3
11260 3
11261 3
11262 4
11263 4
11264 3
11265 5
11266 3
11267 3
11268 4
11269 4
11270 2
11271 4
11272 3
11273 4
11274 3
11275 3
11276 3
11277 3
11278 3
11279 3
11280 2
11281 4
11282 2
11283 3
11284 3
11285 2
11286 3
11287 3
11288 3
11289 3
11290 4
11291 3
11292 4
11293 5
11294 3
11295 3
11296 3
11297 4
11298 3
11299 3
11300 5
11301 4
11302 3
11303 4
11304 3
11305 4
11306 3
11307 3
11308 3
11309 3
11310 2
11311 4
11312 3
11313 3
11314 3
11315 5
11316 2
11317 4
11318 2
11319 4
11320 4
11321 3
11322 4
11323 4
11324 3
11325 3
11326 3
11327 2
11328 2
11329 3
11330 4
11331 3
11332 4
11333 4
11334 2
11335 3
11336 3
11337 3
11338 3
11339 3
11340 3
11341 3
11342 2
11343 3
11344 3
11345 3
11346 3
11347 3
