8
1
4516
1
4516
1
4516
1
4516
1
4516
1
4516
1
4516
3452
4516
1032
3655
7680
397
4679
7837
846
10340
6153
3487
259
420
6926
5755
11303
3227
2239
7075
8109
60
8469
849
9928
9480
147
5460
7790
4354
4105
6670
2324
2890
11103
3227
2239
3878
2751
2239
7075
8109
601
7572
7075
8109
601
8109
60
8469
3488
10915
11330
1153
3216
6152
7776
10141
9806
6583
10701
458
8617
989
2895
6585
5788
2952
390
4211
4516
4122
7281
2751
2239
3878
2364
3216
7851
3775
5837
5431
3947
6760
4766
7960
1322
11107
10720
1814
6665
2723
11107
10530
10154
2094
656
1126
4626
9102
10737
1126
7030
3046
313
9723
6338
1369
7561
490
10286
6354
9785
7355
6720
10179
10768
1332
7291
1852
422
9412
7226
4884
8567
6799
6446
2727
6813
10984
8734
966
5758
6469
11280
7360
2802
10779
7395
5053
8220
8702
2832
11165
2146
6934
3243
1858
4928
4593
6934
6380
9378
4670
3095
4999
8531
2967
3371
6515
10792
6366
9906
10918
3009
10918
2315
9499
7096
536
5182
7635
9499
4680
7917
3891
8449
3875
3003
9782
4885
11122
9057
9031
4709
2694
5537
3520
8020
6
7197
2593
547
3723
2446
6049
2195
3459
668
94
7955
3548
3586
8213
5025
4739
7351
916
8593
4633
7782
319
8362
10141
9806
6583
4211
4516
7281
2751
2239
3878
2364
3216
7851
2723
6665
11316
7782
4571
1814
6665
8667
6152
7776
10141
9806
6583
4211
4516
1032
3655
7680
579
6194
11153
397
4679
10360
10088
7485
6158
2420
6157
7425
7184
9589
7373
2754
6332
3581
8189
7658
1996
5904
7333
6777
1119
6331
5330
5353
3820
4700
3237
5330
366
7201
3237
5330
5353
3458
893
8098
4318
1848
4864
1848
4864
8098
893
6047
9438
4864
8098
4318
1848
4864
8098
3820
5926
10972
5610
6502
4318
8098
4318
1848
10088
10360
4679
7837
846
10340
699
5019
6476
9611
10627
6260
6191
7189
5527
5623
8756
457
7837
4679
10360
4679
10360
10088
10360
10088
10360
10088
10360
10088
7485
6158
2420
3671
766
5906
1495
1562
5920
5596
3051
4610
5786
5732
10279
10345
4253
7951
5587
6176
523
11020
7951
4253
7749
3152
4512
6615
362
2551
5472
10961
1351
5423
6501
9347
5899
9824
6530
4007
2244
7685
1647
6672
10122
1763
10577
5423
6501
7643
4465
1024
4465
1024
4465
7643
6501
9347
6501
9347
6501
9347
6501
9347
5899
9347
5899
9347
5899
9347
6501
9347
5899
9824
5001
10369
6384
6173
1441
4575
9539
6854
11216
6507
8817
7981
4905
2625
4905
2625
4905
2625
4905
9539
3744
6854
9539
3744
9539
4905
9539
4905
2625
4905
9539
3744
6507
8817
7981
4905
9539
4905
2625
4905
2625
4905
2625
5001
1816
6229
5250
2562
9073
44
4022
2868
5035
1575
10204
9766
2409
10810
9073
44
3122
6858
44
4022
2868
8183
4390
5516
2267
2279
4022
2868
8183
9729
10731
6608
11152
9345
5954
394
3584
7579
6184
5295
11169
3765
7579
11241
2090
6384
6173
1441
4575
6192
2520
1793
2265
2189
4358
487
5240
1665
4733
4463
7663
6385
1818
47
7562
9619
1943
1640
6975
6444
2772
2566
10699
2704
7511
5725
3002
9674
2199
1754
2385
3356
11065
4469
970
4459
9674
3522
3356
5979
6422
2385
3356
5979
1224
1992
7957
3615
2043
371
9371
8495
4911
7728
1182
11207
929
928
6519
2747
928
6519
1662
2940
10707
8347
4797
10760
2526
11228
4549
9461
8980
9995
3253
1796
3253
192
10707
2940
10276
8211
1662
3996
9076
6300
1123
10
2550
10495
409
5767
2011
9774
4714
8260
1398
2940
10707
8347
1796
8347
1796
3253
3914
1266
2953
4689
11290
6302
1715
1386
11290
1085
7786
2942
2803
2804
9396
2516
8959
6734
6723
4851
6835
6690
3114
3381
10169
3232
9891
658
593
8959
6734
10169
10751
853
4134
7142
7713
10997
686
10537
10442
3697
7126
7743
4128
4169
7715
3597
10814
1689
4102
2871
3450
3923
6820
1410
6967
8995
817
10767
5520
11202
2331
1773
7695
6211
6409
6903
6573
6315
5007
2172
10044
5799
9457
3473
4189
7673
8990
6781
7500
2319
1761
5393
9147
4522
7746
2499
9727
6337
521
674
2978
1053
10914
9209
9246
2699
9746
6572
8559
7268
2826
2062
6206
6796
7898
9453
3533
1975
5107
1207
2515
10024
9083
2399
1053
10914
9209
5164
7607
5372
5052
7170
7140
5850
2984
496
8405
4003
7103
6061
3386
11022
6432
1296
11131
1306
6779
971
2494
5579
3304
4599
4526
2931
8616
718
5490
10861
10675
6897
1458
9582
6329
6579
6496
3482
210
8771
4183
1057
4509
7183
7098
5633
8346
4553
2478
7399
4924
8346
7649
2621
8652
6601
8635
7946
7369
6684
6992
8877
8894
2176
795
8903
2873
6634
8712
717
4473
7570
3569
2203
5543
7894
6684
7894
5543
1227
8894
2176
8894
2176
8894
8877
6992
8069
5570
7183
7533
1457
6900
10253
1660
8403
7613
116
53
5156
2713
9910
10454
1778
5809
5945
1328
3943
5078
8624
5945
1328
3943
5078
9933
3521
8628
3547
673
5156
53
5156
53
116
4919
9391
2072
6949
4919
9391
621
8999
2072
6949
4919
9391
2072
6949
4919
9391
621
9879
7760
1660
8403
7494
1701
7100
9500
1956
5966
7088
1597
5229
956
1058
8909
4867
4835
10425
7232
5925
1876
6990
8080
5658
6589
9408
10525
10436
2120
9292
4728
3838
7627
10597
10919
8391
3268
5284
708
9679
1556
4674
7834
10271
3359
10193
1758
4755
11070
944
10674
8099
3537
954
4875
879
8188
7839
8550
7480
6735
9759
4579
991
10929
4332
5382
8883
4060
4548
1480
2154
7168
9919
2449
10498
9508
2878
10008
236
4417
6359
1022
10498
9508
2878
9508
236
4417
10945
4340
8201
4340
3634
3626
8538
5462
6717
1345
6536
6295
9406
6295
8819
11308
1761
2319
1761
5393
9970
10205
654
6759
68
2515
10024
1207
2515
10024
1207
2515
10024
1207
5107
1207
5107
1207
5107
7268
5107
1207
2515
10024
9083
2399
1053
10914
9209
3309
8256
805
8711
253
9213
4027
10795
403
8875
7692
5680
11148
7673
1164
3030
10175
9951
1103
3352
400
4566
3906
763
1164
3030
1164
7673
11148
5680
11148
5680
11148
7673
1164
3030
1164
3030
1164
3030
1164
7673
11148
5680
11148
5680
3030
1164
7673
1164
3030
1164
7673
4189
3473
1808
1291
5799
9457
3473
1808
1291
5799
9457
5799
9457
3473
4189
3473
4189
763
9951
10175
7156
4538
7692
8875
403
4027
9213
6845
9462
11304
5073
1972
805
8711
253
9213
253
9213
253
9213
6845
9462
11304
3975
2584
5312
2584
5312
10795
3735
2159
6989
10020
4003
7103
318
6730
7140
5850
5073
1972
805
8711
253
9213
4027
10795
3735
4538
7692
5680
11148
5680
3030
1164
3030
10175
9951
10175
9951
10175
7156
4538
7692
5680
11148
7673
4189
763
9951
1103
3352
400
1069
7923
6313
10328
6211
10328
6211
10328
6211
6409
5007
6409
5007
6409
6903
731
1942
5595
7229
8075
7695
6211
10328
6313
4566
3341
9108
10328
6313
4566
3341
9108
3341
9108
10328
6313
10328
6313
7923
2331
10767
1962
6522
4616
3702
9700
6522
1962
6522
1962
10767
1962
817
10767
1962
10767
1962
10767
2331
10767
1962
10767
817
8995
1773
7695
6211
10328
6211
6409
6903
731
1942
7229
8075
7695
6211
10328
6211
10328
6211
10328
6313
7923
2331
1773
7695
6211
6409
6903
6573
4236
8511
7770
10060
4102
1689
9316
1532
5944
4006
8612
10214
6289
10549
10801
4823
7606
6543
1723
11220
1585
9454
3466
4582
3509
9936
5667
215
7903
2744
2631
444
3408
3645
3626
3387
2411
10346
5399
2464
6359
1022
10498
2154
10574
1300
5810
1621
1480
4819
8200
2878
10008
4417
6359
1022
10498
2449
11195
3421
6747
7331
337
8922
4008
10508
954
4875
7480
10574
7480
10574
7480
3537
2852
1894
11332
5644
10851
9943
6588
10674
8099
1201
6735
9759
4579
1040
11070
944
10674
8099
1201
6735
9759
4579
991
10929
7678
5382
8883
6568
8200
2878
10008
236
4417
10008
2878
10008
2878
9508
2878
10008
4417
10008
236
4417
6359
1022
10498
9508
236
4417
6359
1022
10498
2449
10498
9508
2878
9508
2878
9508
236
4417
6359
4417
6359
4417
10008
2878
9508
10498
2449
11195
3421
7331
337
8922
10290
356
735
8510
5420
3941
8273
10940
2810
2770
3034
3857
5094
6661
11279
8974
8304
11008
4378
3840
12
5415
4950
9266
10704
629
11332
777
5644
10851
643
10851
9943
5179
6405
9653
5871
7857
9475
4755
1758
10193
991
10929
7678
5382
8883
4060
1621
1480
4819
9508
10498
9508
2878
9508
10498
2154
10574
7480
3537
2852
3537
8099
3537
7480
3537
2852
1894
10704
629
5415
12
643
12
643
12
643
12
3840
4378
5918
5435
4194
2810
4194
5435
5918
3231
7396
735
4950
5415
12
643
12
10851
643
7088
1597
5229
3521
9933
10454
9933
10454
1778
4186
3199
5742
10606
7820
5326
3010
6567
7438
3084
5628
3562
2313
3236
2714
2100
4641
7077
9784
2840
451
6517
11154
5833
10159
6017
7001
5296
622
3471
7656
2201
1948
6010
3656
7928
3384
2957
2018
9526
5783
1653
2302
8170
5820
9902
7924
9033
8308
10909
5272
6463
3059
1745
6424
3354
635
660
9335
1903
9877
9428
5937
5863
425
5067
4373
9428
5937
321
3791
321
2245
3593
1130
512
9284
8394
775
4690
4743
10812
2259
7161
10879
8331
3189
5706
9917
4330
1159
5456
4839
10296
6504
4499
503
8243
2176
795
6504
4451
2291
7699
10429
1452
6144
9902
8818
11278
8243
2176
8894
8877
6992
8877
6992
8069
6992
8877
7894
6684
6992
8069
4553
2478
7399
4924
8346
4553
2478
7399
8652
5696
8816
4274
7307
10613
134
1458
10580
1498
6329
6579
6960
1600
10861
3881
9319
7827
2613
8063
1560
5372
5052
1623
10304
2394
962
8616
718
4526
6177
9870
2494
971
2494
5579
8010
4932
10684
10103
4507
4865
4282
7253
7208
7506
1350
8601
7393
380
3099
5793
10111
7027
4760
4681
7805
5964
8077
6081
3440
199
8902
222
2274
1963
10896
4449
2627
467
11201
2750
3776
2274
1963
10896
4449
1813
2514
8410
694
7911
9621
1567
9899
8585
10821
1297
10028
5771
1559
9669
5389
358
6581
596
5828
3156
11326
9066
5797
625
9204
3727
1567
3727
1567
9899
7911
9621
3489
4371
9590
4826
5096
9983
3039
7152
744
10692
2454
10626
2521
2310
9297
8851
10538
7073
11031
3049
8160
2647
9557
37
7860
1061
1919
9701
11031
821
8949
10626
6667
3872
85
5265
7078
2505
6379
10741
5208
475
8721
11340
2919
11323
5735
1950
7688
9267
2902
3229
7771
266
5668
10517
10806
8835
4656
9267
7688
10074
2051
4063
10074
2051
1172
8046
6959
5927
1110
5938
1027
8787
5197
6556
66
9671
6227
4154
11063
823
8397
507
8566
1526
465
4532
837
10746
837
10746
4532
837
10746
4532
465
8566
1526
586
10789
2592
9018
10386
9398
10607
11306
10247
9901
6014
8294
9166
3545
138
11238
6697
6423
8548
5790
6430
5572
11099
4187
5572
6430
4187
5572
11099
187
5232
8057
2487
2537
4923
3795
8057
2487
1518
2075
6720
10179
331
156
3880
4092
4141
6707
3164
10990
1272
376
1272
10990
3164
7163
9696
5438
6576
474
1332
8932
938
9412
7226
4884
8567
6799
4650
8567
6799
6446
5772
7265
6773
3610
5758
10984
7775
10746
4532
465
4532
10746
4532
465
8566
1526
9165
10374
8734
7265
8734
10984
7775
10746
4532
10746
823
716
11063
5197
266
5668
10517
10806
8835
4656
9267
2902
2919
10846
6597
475
5208
3907
1666
3648
9154
4772
7078
2505
2089
7757
8917
3797
4604
3797
10213
3218
9221
140
8457
11001
5528
3218
73
7117
3269
3011
1463
6363
1333
5569
3002
9674
2199
7377
10153
5486
8261
8746
7843
5559
9845
9045
4745
9045
2380
3376
11346
2386
2071
293
49
4048
2026
293
49
1340
8005
8452
5258
9670
5421
10713
2119
941
240
513
9670
5421
2119
941
11189
6232
2263
6636
4556
7537
10389
11129
10389
1716
9496
6358
745
5308
4446
2827
5673
240
686
10537
10442
3697
7126
3697
7126
3697
10442
10537
2827
5673
240
686
10537
10442
10537
10442
10537
2827
6232
2263
4446
10537
10442
10537
686
10537
2827
5673
240
686
10537
2827
6232
2263
4446
2827
6232
2263
6636
5292
4556
7537
10389
11129
4006
8612
10214
6289
10214
11129
10389
11129
4006
8612
10214
11129
10389
1716
9496
5270
9496
1716
10389
1716
10389
1716
9496
5270
9496
1716
9496
6358
745
5308
4446
2827
6232
2263
6636
4556
7537
10389
11129
10214
11129
4006
8612
10214
11129
10389
1716
9496
1716
10389
1716
10389
11129
4006
8612
10214
11129
10389
11129
4006
8612
10214
11129
4006
8612
10214
11129
10214
6289
10549
10801
4823
7606
7146
10413
2659
3718
2943
4707
7846
2943
4707
3476
6922
8026
3710
953
4000
1921
2503
740
911
3874
6276
8605
456
6499
1038
10602
7099
9682
2576
9558
4283
9354
6724
3509
6724
9936
5667
215
7903
2744
2631
5335
8819
11308
1761
5393
1708
3600
2499
5304
1226
3192
8641
674
2978
1053
10914
9209
9246
2699
489
2613
8063
1560
5372
5052
1623
1135
6461
4170
3386
4170
3386
11022
6432
1296
11131
4507
4865
11295
11087
1134
8601
7393
380
10232
2437
4191
9268
1934
7253
1934
7253
1934
7253
7208
7506
11087
1134
8601
7393
380
10232
2437
7253
1934
7253
1934
7208
7506
11087
1134
8601
1350
8601
7393
380
10232
380
3099
7393
380
10232
6989
2159
6989
10020
6989
10232
6989
2159
6989
10020
4003
7103
4170
6461
1135
6461
318
6730
7140
5850
5073
1972
805
8711
253
9213
4027
9213
6845
9462
11304
5073
1972
805
8711
253
9213
6845
9462
11304
3975
496
3975
2584
3975
11304
5073
2984
496
3975
496
3975
11304
5073
1972
805
8711
253
9213
4027
10795
3735
2159
3735
10795
403
8875
403
8875
403
4027
10795
3735
4538
7692
8875
403
8875
7692
5680
3030
10175
9951
1103
9951
10175
7156
4538
7692
5680
3030
1164
7673
11148
5680
11148
5680
11148
7673
4189
7673
8990
7673
1164
7673
8990
6781
7507
6781
7507
6781
7500
2319
1761
5393
9970
3990
7212
2985
68
2515
10024
9083
2399
1053
10914
9209
3309
8256
10679
636
1972
805
8711
253
9213
253
9213
4027
9213
4027
9213
4027
9213
253
9213
6845
9462
8711
253
9213
4027
10795
4027
10795
403
4027
9213
6845
9462
8711
253
9213
253
9213
4027
10795
3735
10795
4027
10795
403
4027
9213
253
9213
253
9213
4027
9213
4027
9213
6845
9462
11304
5073
1972
805
8711
253
9213
6845
9462
11304
3975
2584
6845
9462
8711
253
9213
253
9213
253
9213
253
9213
4027
9213
253
9213
4027
10795
3735
10795
3735
2159
5312
2584
3975
496
8405
4003
7103
6061
4361
5312
10795
3735
4538
7692
5680
3030
1164
3030
10175
7156
4538
7692
8875
7692
8875
7692
5680
11148
5680
11148
7673
8990
1808
1291
5799
10044
5799
9457
3473
1808
1291
5799
9457
3473
4189
763
1164
3030
10175
9951
1103
3352
1103
3352
1103
3352
1103
9951
1103
3352
400
4566
3906
763
1164
3030
1164
7673
8990
7673
4189
3473
9457
3473
9457
3473
4189
3473
1808
1291
5799
10044
2172
587
1291
5799
10044
5799
9457
5799
10044
5799
10044
5799
10044
5799
10044
2172
587
6315
5007
6409
6903
731
1942
7229
8075
7695
6211
10328
6211
10328
6313
4566
3906
763
9951
10175
9951
10175
9951
10175
7156
4538
7692
8875
403
4027
10795
3735
2159
5312
10795
403
4027
9213
6845
9462
11304
5073
2984
496
8405
10020
6989
10020
6989
10232
380
3099
5793
6946
2353
4760
2353
4760
4681
4760
4681
7805
5964
10103
10684
2017
9895
1311
11006
9423
1684
11047
4158
6551
5571
4349
776
237
4708
9079
3221
6577
1337
5855
5047
3029
1513
10568
2321
6527
2398
667
7575
2398
204
10041
6609
5357
5533
11110
11039
990
1684
990
1684
990
11039
3575
8202
6609
150
957
667
2122
3460
8094
8905
7777
6881
6743
4979
5522
859
3681
859
3681
859
5522
5146
7625
8763
1276
10798
5266
8956
6740
2567
7558
5029
2555
4912
10242
169
10242
1276
10798
5266
10798
7558
5029
2555
4912
10242
1276
8763
1276
10798
7558
5029
2555
8094
9536
169
3681
7777
6881
5855
1337
10531
1114
4954
630
8284
1114
4954
7307
5522
7307
10613
4274
10613
134
1458
9582
6329
6579
1804
1777
6367
3274
2699
7825
6477
3400
441
6408
1719
3957
4448
9276
7539
8325
7009
5910
2372
4584
9548
6747
3421
6747
3421
6747
3421
7331
337
8922
4008
10508
4008
4875
879
8188
7331
337
8922
10290
8325
10290
356
5642
10508
954
3537
7480
3537
8099
2852
1894
11332
5644
777
5644
777
6588
10674
8099
3537
7480
3537
954
3537
7480
10574
1300
9759
4579
1040
11070
944
10674
8099
2852
3537
8099
1201
6735
9759
4579
991
10929
4332
5382
4332
10929
7678
5382
8883
6568
4548
1480
2154
7168
9919
2449
10498
2154
7168
9919
2449
10498
9508
236
4417
6359
1022
10498
9508
10498
2154
10574
1300
9759
4579
991
10929
7678
5382
8883
4060
4548
1480
4819
8200
2878
9508
236
4417
10008
4417
6359
4417
6359
1022
10498
9508
2878
9508
236
4417
10008
236
4417
6359
1022
10498
2154
10574
7480
3537
2852
8099
2852
3537
8099
1201
6735
9759
4579
991
5810
1621
10574
7480
10574
7480
3537
954
3537
8099
3537
954
3537
7480
10574
7480
3537
954
3537
2852
3537
7480
10574
7480
10574
1300
9759
4579
1040
11070
944
10674
8099
2852
1894
11332
777
5644
11332
777
11332
777
6588
10674
8099
2852
8099
3537
2852
8099
2852
1894
10704
629
5415
12
10851
12
10851
9943
5179
6405
956
5229
3521
9933
10454
9933
10454
1778
10454
9933
3521
5229
3521
8628
3547
673
5156
2713
9910
2713
5156
53
5156
2713
5156
2713
5156
2713
5156
53
5156
53
5156
53
116
7613
8403
4065
8974
11279
8974
8304
11008
4194
11008
4194
5435
5918
3231
5918
5435
4194
11008
8304
7100
9500
1956
5966
8628
5966
8628
3547
673
9910
10454
1778
10454
1778
5809
2588
6545
9097
5671
6197
9662
10505
1599
2552
2672
2997
3711
11190
2294
1377
5697
10729
711
9749
8295
5639
2455
10173
10095
6523
3141
4388
8562
6523
903
8859
8295
9749
711
9749
711
10729
711
10729
711
9749
711
9749
711
10729
5697
4344
10729
711
10729
5697
1377
8688
7454
11265
7354
9831
2329
6209
7196
11246
435
8072
8575
10521
9004
1451
6890
7468
3427
2173
1508
4663
11000
2666
9316
1532
4823
7606
6543
5988
4384
5695
7889
4384
5695
7889
5695
7889
5695
1723
11220
1585
9454
865
5099
6266
658
9891
658
593
9891
658
593
9891
3232
4582
3466
9454
3466
1585
9454
3466
9454
865
8465
5099
865
8465
5099
865
9454
3466
1585
9454
865
5099
6266
658
6266
658
9891
658
9891
3232
4582
3232
9891
3232
4582
3232
4582
3509
6724
9936
5667
5270
9496
6358
745
5308
4446
2827
6232
2263
6636
4556
7537
10389
1716
9496
6358
7537
10389
1716
9496
6358
7537
10389
11129
10389
1716
10389
1716
215
7903
2744
2631
444
6505
1959
7036
6495
4121
8670
5218
707
5282
7155
5494
7858
5282
6870
7769
1736
3298
5293
8841
11185
5681
2502
5681
8264
1938
10357
8892
8534
11018
3707
7582
9576
5
1097
8264
1938
8264
1938
10357
1095
1938
8264
10425
7258
2839
5521
3359
5521
5658
8080
7232
5681
8264
1938
8264
1938
8264
5681
7232
10425
4835
1938
10357
8892
8534
11018
3711
3298
3707
11018
3711
3298
3711
3298
3711
11190
1377
11190
2294
7454
11265
620
6341
2216
9525
6150
10610
5324
2737
3159
7354
9831
2329
6209
10610
5324
2737
9525
6150
1017
8073
7913
11044
2421
3402
2996
479
8073
7913
11044
7651
4891
8175
4788
9587
2421
9587
3402
2996
479
8073
7913
11044
2421
3402
2996
479
8073
7913
11044
7651
2216
9525
6150
1017
8073
7913
11044
7651
4891
6251
2298
1970
8235
8581
3739
6783
11174
11179
1768
7461
11232
9698
5872
1785
10047
10563
7987
6071
7810
3424
4585
5286
713
10938
3133
6078
9904
1035
8986
424
9904
1035
8986
11149
5656
5185
117
1035
8986
10471
10640
1807
9410
9809
4391
3888
6272
9915
4794
1200
